,templateid,seqid
0,EPHA3_HUMAN_D0_2QON_A,100.0
1,EPHA3_HUMAN_D0_2QOL_A,100.0
2,EPHA3_HUMAN_D0_4P5Q_A,100.0
3,EPHA3_HUMAN_D0_2QOI_A,100.0
4,EPHA3_HUMAN_D0_4GK3_A,100.0
5,EPHA3_HUMAN_D0_3FY2_A,100.0
6,EPHA3_HUMAN_D0_2QO2_A,100.0
7,EPHA3_HUMAN_D0_4P4C_A,100.0
8,EPHA3_HUMAN_D0_2QOF_A,100.0
9,EPHA3_HUMAN_D0_4G2F_A,100.0
10,EPHA3_HUMAN_D0_2GSF_A,100.0
11,EPHA3_HUMAN_D0_4GK2_A,100.0
12,EPHA3_HUMAN_D0_2QOQ_A,100.0
13,EPHA3_HUMAN_D0_3DZQ_A,100.0
14,EPHA3_HUMAN_D0_3FXX_A,100.0
15,EPHA3_HUMAN_D0_4GK4_A,100.0
16,EPHA3_HUMAN_D0_2QOK_A,100.0
17,EPHA3_HUMAN_D0_4P5Z_A,100.0
18,EPHA3_HUMAN_D0_2QO9_A,100.0
19,EPHA3_HUMAN_D0_2QO7_A,100.0
20,EPHA3_HUMAN_D0_2QOB_A,100.0
21,EPHA3_HUMAN_D0_2QOO_A,100.0
22,EPHA3_HUMAN_D0_2QOD_A,100.0
23,EPHA5_HUMAN_D0_2R2P_A,89.2
24,EPHA4_MOUSE_D0_2HEL_A,86.6
25,EPHA4_MOUSE_D0_2Y6M_A,86.6
26,EPHA4_MOUSE_D0_2Y6O_A,86.6
27,EPHA4_MOUSE_D0_2XYU_A,86.6
28,EPHA7_HUMAN_D0_2REI_A,84.0
29,EPHA7_HUMAN_D0_3DKO_A,84.0
30,EPHB1_HUMAN_D0_3ZFX_I,82.5
31,EPHB1_HUMAN_D0_3ZFX_H,82.3
32,EPHB2_MOUSE_D0_2HEN_B,82.1
33,EPHB2_MOUSE_D0_1JPA_A,82.1
34,EPHB2_MOUSE_D0_2HEN_A,82.1
35,EPHB2_MOUSE_D0_1JPA_B,82.1
36,EPHB2_HUMAN_D0_3ZFM_A,82.1
37,EPHB2_MOUSE_D0_2HEN_C,82.1
38,EPHB3_HUMAN_D0_3ZFY_B,82.1
39,EPHB2_MOUSE_D0_2HEN_D,82.1
40,EPHB3_HUMAN_D0_3ZFY_A,82.1
41,EPHB1_HUMAN_D0_3ZFX_F,80.5
42,EPHB1_HUMAN_D0_3ZFX_A,80.5
43,EPHB1_HUMAN_D0_3ZFX_G,80.5
44,EPHB1_HUMAN_D0_3ZFX_C,80.5
45,EPHB1_HUMAN_D0_3ZFX_D,80.5
46,EPHB1_HUMAN_D0_3ZFX_E,80.5
47,EPHB1_HUMAN_D0_3ZFX_B,80.5
48,EPHB4_HUMAN_D0_2VWU_A,77.9
49,EPHB4_HUMAN_D0_2YN8_A,77.5
50,EPHB4_HUMAN_D0_2YN8_B,77.1
51,EPHA2_HUMAN_D0_4TRL_A,76.8
52,EPHA2_HUMAN_D0_4PDO_B,76.7
53,EPHA2_HUMAN_D0_1MQB_B,76.7
54,EPHA2_HUMAN_D0_1MQB_A,76.7
55,EPHA2_HUMAN_D0_4P2K_A,76.7
56,EPHA2_HUMAN_D0_4PDO_A,76.7
57,EPHA8_HUMAN_D0_3KUL_A,74.8
58,EPHA8_HUMAN_D0_3KUL_B,74.6
59,SRC_CHICK_D0_2HWO_A,48.9
60,SRC_CHICK_D0_2QI8_A,48.3
61,SRC_CHICK_D0_3LOK_B,48.2
62,SRC_CHICK_D0_3EN7_A,48.0
63,SRC_CHICK_D0_2QQ7_A,47.8
64,SRC_CHICK_D0_2QQ7_B,47.7
65,SRC_CHICK_D0_4LGH_B,47.6
66,SRC_CHICK_D0_2QI8_B,47.6
67,LCK_HUMAN_D0_2OFV_B,47.4
68,SRC_CHICK_D0_3SVV_A,47.3
69,SRC_CHICK_D0_3EN6_B,47.2
70,SRC_CHICK_D0_3F3V_B,47.2
71,SRC_CHICK_D0_3U51_A,47.2
72,SRC_CHICK_D0_3TZ7_B,47.2
73,SRC_CHICK_D0_3DQX_A,47.2
74,SRC_CHICK_D0_3EN5_B,47.2
75,SRC_CHICK_D0_3QLG_B,47.2
76,SRC_CHICK_D0_3F3U_A,47.2
77,SRC_CHICK_D0_3TZ8_B,47.2
78,SRC_CHICK_D0_3EL8_A,47.2
79,SRC_CHICK_D0_3G6H_B,47.2
80,SRC_CHICK_D0_3F3T_B,47.2
81,SRC_CHICK_D0_4AGW_B,47.2
82,SRC_CHICK_D0_3EL8_B,47.2
83,SRC_CHICK_D0_3D7T_B,47.2
84,SRC_CHICK_D0_3G6G_A,47.2
85,SRC_CHICK_D0_2QLQ_A,47.2
86,SRC_CHICK_D0_3G5D_A,47.2
87,SRC_CHICK_D0_4U5J_B,47.2
88,SRC_CHICK_D0_4DGG_A,47.2
89,SRC_CHICK_D0_3EN6_A,47.2
90,SRC_CHICK_D0_3TZ9_A,47.2
91,SRC_CHICK_D0_3U4W_A,47.2
92,SRC_CHICK_D0_3EN5_A,47.2
93,SRC_CHICK_D0_3F3U_B,47.2
94,SRC_CHICK_D0_3F6X_A,47.2
95,SRC_CHICK_D0_3G5D_B,47.2
96,SRC_CHICK_D0_3F6X_D,47.2
97,SRC_CHICK_D0_3OF0_B,47.2
98,SRC_CHICK_D0_2HWO_B,47.2
99,SRC_CHICK_D0_3UQF_B,47.2
100,SRC_CHICK_D0_4FIC_A,47.2
101,SRC_CHICK_D0_3D7U_D,47.2
102,SRC_CHICK_D0_3D7U_B,47.2
103,SRC_CHICK_D0_3U51_B,47.2
104,SRC_CHICK_D0_2PTK_A,47.2
105,SRC_CHICK_D0_3QLF_A,47.2
106,SRC_CHICK_D0_3G6G_B,47.2
107,SRC_CHICK_D0_3DQX_B,47.2
108,SRC_CHICK_D0_3TZ9_B,47.2
109,SRC_CHICK_D0_4DGG_B,47.2
110,SRC_CHICK_D0_3G6H_A,47.2
111,SRC_CHICK_D0_3LOK_A,47.2
112,SRC_CHICK_D0_3OEZ_A,47.2
113,SRC_CHICK_D0_3F3T_A,47.2
114,SRC_CHICK_D0_3TZ7_A,47.2
115,SRC_CHICK_D0_2OIQ_B,47.2
116,SRC_CHICK_D0_3F3W_B,47.2
117,SRC_CHICK_D0_3GEQ_A,47.2
118,SRC_CHICK_D0_3QLG_A,47.2
119,SRC_CHICK_D0_4FIC_B,47.2
120,SRC_CHICK_D0_4LGG_B,47.2
121,SRC_CHICK_D0_2OIQ_A,47.2
122,SRC_CHICK_D0_3GEQ_B,47.2
123,SRC_CHICK_D0_4LGH_A,47.2
124,SRC_CHICK_D0_3EN4_B,47.2
125,SRC_CHICK_D0_3UQG_B,47.2
126,SRC_CHICK_D0_3UQF_A,47.2
127,SRC_CHICK_D0_3F6X_C,47.2
128,SRC_CHICK_D0_3F3W_A,47.2
129,SRC_CHICK_D0_2QLQ_B,47.2
130,SRC_CHICK_D0_4U5J_A,47.2
131,SRC_CHICK_D0_2HWP_B,47.2
132,SRC_CHICK_D0_3OF0_A,47.2
133,SRC_CHICK_D0_3TZ8_A,47.2
134,SRC_CHICK_D0_3EN4_A,47.2
135,SRC_CHICK_D0_3OEZ_B,47.2
136,SRC_CHICK_D0_3F3V_A,47.2
137,SRC_CHICK_D0_4AGW_A,47.2
138,SRC_CHICK_D0_3UQG_A,47.2
139,SRC_HUMAN_D0_1YOM_B,46.8
140,SRC_HUMAN_D0_4MXY_B,46.8
141,SRC_HUMAN_D0_2SRC_A,46.8
142,SRC_HUMAN_D0_1Y57_A,46.8
143,SRC_HUMAN_D0_1YI6_B,46.8
144,SRC_HUMAN_D0_4MXX_A,46.8
145,SRC_HUMAN_D0_1YOM_A,46.8
146,SRC_CHICK_D0_3EL7_A,46.8
147,SRC_HUMAN_D0_4MXZ_B,46.8
148,SRC_HUMAN_D0_2BDF_A,46.8
149,SRC_HUMAN_D0_2H8H_A,46.8
150,SRC_HUMAN_D0_1YI6_A,46.8
151,SRC_HUMAN_D0_2BDJ_A,46.8
152,SRC_CHICK_D0_2HWP_A,46.8
153,SRC_HUMAN_D0_4MXO_B,46.8
154,SRC_HUMAN_D0_1FMK_A,46.8
155,SRC_HUMAN_D0_4MXX_B,46.8
156,SRC_HUMAN_D0_4MXO_A,46.8
157,SRC_HUMAN_D0_2BDF_B,46.8
158,SRC_HUMAN_D0_4K11_A,46.8
159,SRC_CHICK_D0_4MCV_A,46.7
160,SRC_CHICK_D0_3F6X_B,46.7
161,SRC_CHICK_D0_3SVV_B,46.6
162,SRC_HUMAN_D0_1KSW_A,46.6
163,SRC_HUMAN_D0_1YOJ_B,46.5
164,SRC_CHICK_D0_4MCV_B,46.5
165,SRC_CHICK_D0_3EN7_B,46.5
166,SRC_CHICK_D0_3QLF_B,46.4
167,SRC_CHICK_D0_3DQW_A,46.4
168,SRC_CHICK_D0_3DQW_D,46.4
169,SRC_CHICK_D0_4LGG_A,46.4
170,SRC_CHICK_D0_3DQW_C,46.4
171,SRC_CHICK_D0_3DQW_B,46.4
172,SRC_HUMAN_D0_4MXZ_A,46.1
173,SRC_HUMAN_D0_4MXY_A,46.1
174,HCK_HUMAN_D0_2HK5_A,46.0
175,LCK_HUMAN_D0_2OFU_A,45.7
176,HCK_HUMAN_D0_1QCF_A,45.7
177,HCK_HUMAN_D0_3VRY_B,45.7
178,LCK_HUMAN_D0_3B2W_A,45.7
179,HCK_HUMAN_D0_3VRZ_B,45.7
180,LCK_HUMAN_D0_2OF2_A,45.7
181,LCK_HUMAN_D0_2OF4_A,45.7
182,LCK_HUMAN_D0_3MPM_A,45.7
183,LCK_HUMAN_D0_3KXZ_A,45.7
184,HCK_HUMAN_D0_2C0O_A,45.7
185,HCK_HUMAN_D0_2C0I_A,45.7
186,HCK_HUMAN_D0_3VS1_B,45.7
187,HCK_HUMAN_D0_3VS2_A,45.7
188,LCK_HUMAN_D0_3AC1_A,45.7
189,HCK_HUMAN_D0_3VS3_A,45.7
190,LCK_HUMAN_D0_2OG8_A,45.7
191,LCK_HUMAN_D0_1QPC_A,45.7
192,LCK_HUMAN_D0_2ZM4_A,45.7
193,LCK_HUMAN_D0_3BYS_A,45.7
194,LCK_HUMAN_D0_2ZM1_A,45.7
195,LCK_HUMAN_D0_3AC5_A,45.7
196,HCK_HUMAN_D0_3VS0_B,45.7
197,LCK_HUMAN_D0_3AC8_A,45.7
198,HCK_HUMAN_D0_3VS7_B,45.7
199,LCK_HUMAN_D0_2PL0_A,45.7
200,HCK_HUMAN_D0_3VS6_B,45.7
201,HCK_HUMAN_D0_3VS4_A,45.7
202,HCK_HUMAN_D0_2C0O_B,45.7
203,LCK_HUMAN_D0_3BYU_A,45.7
204,HCK_HUMAN_D0_4LUD_A,45.7
205,LCK_HUMAN_D0_2OG8_B,45.7
206,HCK_HUMAN_D0_3VS6_A,45.7
207,LCK_HUMAN_D0_3ACJ_A,45.7
208,HCK_HUMAN_D0_3VS4_B,45.7
209,HCK_HUMAN_D0_3VS5_A,45.7
210,LCK_HUMAN_D0_3AD6_A,45.7
211,LCK_HUMAN_D0_3AC2_A,45.7
212,HCK_HUMAN_D0_2C0T_A,45.7
213,HCK_HUMAN_D0_3VS3_B,45.7
214,LCK_HUMAN_D0_2OFV_A,45.7
215,HCK_HUMAN_D0_4LUE_A,45.7
216,HCK_HUMAN_D0_3VS1_A,45.7
217,HCK_HUMAN_D0_2C0I_B,45.7
218,HCK_HUMAN_D0_3VRY_A,45.7
219,HCK_HUMAN_D0_3VS7_A,45.7
220,LCK_HUMAN_D0_3AC4_A,45.7
221,LCK_HUMAN_D0_3AC3_A,45.7
222,LCK_HUMAN_D0_3AD4_A,45.7
223,LCK_HUMAN_D0_1QPE_A,45.7
224,LCK_HUMAN_D0_3ACK_A,45.7
225,LCK_HUMAN_D0_3KMM_A,45.7
226,HCK_HUMAN_D0_3VS2_B,45.7
227,HCK_HUMAN_D0_3VRZ_A,45.7
228,LCK_HUMAN_D0_3AD5_A,45.7
229,HCK_HUMAN_D0_4LUE_B,45.7
230,LCK_HUMAN_D0_4C3F_A,45.7
231,LCK_HUMAN_D0_1QPJ_A,45.7
232,HCK_HUMAN_D0_4LUD_B,45.7
233,HCK_HUMAN_D0_3VS5_B,45.7
234,HCK_HUMAN_D0_3VS0_A,45.7
235,LCK_HUMAN_D0_3LCK_A,45.7
236,LCK_HUMAN_D0_3BYM_A,45.7
237,LCK_HUMAN_D0_3BYO_A,45.7
238,HCK_HUMAN_D0_2C0T_B,45.7
239,HCK_HUMAN_D0_1AD5_B,45.5
240,HCK_HUMAN_D0_1AD5_A,45.5
241,HCK_HUMAN_D0_2HCK_B,45.5
242,HCK_HUMAN_D0_2HCK_A,45.5
243,LCK_HUMAN_D0_2ZYB_A,45.1
244,LYN_HUMAN_D0_3A4O_X,45.1
245,SRC_HUMAN_D0_1YOJ_A,45.1
246,SRC_HUMAN_D0_1YOL_B,44.8
247,SRC_HUMAN_D0_1YOL_A,44.8
248,LYN_MOUSE_D0_2ZV9_A,44.7
249,LCK_HUMAN_D0_1QPD_A,44.6
250,LYN_MOUSE_D0_2ZVA_A,44.4
251,LYN_MOUSE_D0_2ZV7_A,44.1
252,LYN_MOUSE_D0_2ZV8_A,44.1
253,ABL1_MOUSE_D0_3OXZ_A,43.2
254,ABL1_MOUSE_D0_3DK6_A,43.0
255,ROR2_HUMAN_D0_4GT4_A,42.3
256,ABL2_HUMAN_D0_2XYN_B,42.1
257,ABL2_HUMAN_D0_3GVU_A,42.1
258,ABL2_HUMAN_D0_2XYN_A,42.1
259,ABL2_HUMAN_D0_2XYN_C,42.1
260,ABL2_HUMAN_D0_3HMI_A,42.1
261,MUSK_RAT_D0_1LUF_A,42.0
262,ROR2_HUMAN_D0_3ZZW_B,42.0
263,ROR2_HUMAN_D0_4GT4_B,42.0
264,ROR2_HUMAN_D0_3ZZW_A,42.0
265,ABL1_MOUSE_D0_3MSS_B,41.7
266,ABL1_MOUSE_D0_2HZN_A,41.7
267,ABL1_MOUSE_D0_1FPU_A,41.7
268,ABL1_MOUSE_D0_3KFA_A,41.7
269,ABL1_HUMAN_D0_2G1T_B,41.7
270,ABL1_HUMAN_D0_2HZ0_B,41.7
271,ABL1_HUMAN_D0_3CS9_B,41.7
272,ABL1_HUMAN_D0_3QRK_A,41.7
273,ABL1_HUMAN_D0_2HZ0_A,41.7
274,ABL1_HUMAN_D0_1OPL_B,41.7
275,ABL1_MOUSE_D0_1OPK_A,41.7
276,ABL1_HUMAN_D0_2E2B_A,41.7
277,ABL1_HUMAN_D0_2HYY_C,41.7
278,ABL1_MOUSE_D0_1M52_A,41.7
279,ABL1_HUMAN_D0_2HZ4_C,41.7
280,ABL1_MOUSE_D0_1OPJ_A,41.7
281,ABL1_HUMAN_D0_2FO0_A,41.7
282,ABL1_MOUSE_D0_3MSS_C,41.7
283,ABL1_MOUSE_D0_3KF4_A,41.7
284,ABL1_MOUSE_D0_3DK3_A,41.7
285,ABL1_MOUSE_D0_2Z60_A,41.7
286,ABL1_MOUSE_D0_1M52_B,41.7
287,ABL1_MOUSE_D0_1IEP_A,41.7
288,ABL1_HUMAN_D0_3UE4_A,41.7
289,ABL1_HUMAN_D0_3CS9_A,41.7
290,ABL1_MOUSE_D0_3KF4_B,41.7
291,ABL1_HUMAN_D0_3CS9_D,41.7
292,ABL1_HUMAN_D0_2HYY_D,41.7
293,ABL1_MOUSE_D0_1FPU_B,41.7
294,ABL1_HUMAN_D0_2G2F_B,41.7
295,ABL1_HUMAN_D0_2HZ4_B,41.7
296,ABL1_HUMAN_D0_3UE4_B,41.7
297,ABL1_HUMAN_D0_2HZI_A,41.7
298,ABL1_MOUSE_D0_3MS9_A,41.7
299,ABL1_HUMAN_D0_3QRI_B,41.7
300,ABL1_HUMAN_D0_2G1T_C,41.7
301,ABL1_MOUSE_D0_3DK7_B,41.7
302,ABL1_HUMAN_D0_2G2F_A,41.7
303,ABL1_HUMAN_D0_3PYY_A,41.7
304,ABL1_HUMAN_D0_3QRJ_B,41.7
305,ABL1_MOUSE_D0_3IK3_B,41.7
306,ABL1_HUMAN_D0_2F4J_A,41.7
307,ABL1_HUMAN_D0_2G1T_D,41.7
308,ABL1_MOUSE_D0_3MS9_B,41.7
309,ABL1_HUMAN_D0_3QRI_A,41.7
310,ABL1_MOUSE_D0_3K5V_B,41.7
311,ABL1_HUMAN_D0_1OPL_A,41.7
312,ABL1_MOUSE_D0_3DK3_B,41.7
313,ABL1_HUMAN_D0_2HZ4_A,41.7
314,ABL1_MOUSE_D0_3DK6_B,41.7
315,ABL1_HUMAN_D0_3PYY_B,41.7
316,ABL1_HUMAN_D0_3CS9_C,41.7
317,ABL1_HUMAN_D0_2HZI_B,41.7
318,ABL1_HUMAN_D0_2V7A_A,41.7
319,ABL1_HUMAN_D0_2E2B_B,41.7
320,ABL1_MOUSE_D0_1IEP_B,41.7
321,ABL1_MOUSE_D0_3IK3_A,41.7
322,ABL1_MOUSE_D0_1OPJ_B,41.7
323,ABL1_HUMAN_D0_2G2H_A,41.7
324,ABL1_HUMAN_D0_2G2I_A,41.7
325,ABL1_MOUSE_D0_2QOH_B,41.7
326,ABL1_HUMAN_D0_2V7A_B,41.7
327,ABL1_MOUSE_D0_2QOH_A,41.7
328,ABL1_HUMAN_D0_2HIW_B,41.7
329,ABL1_MOUSE_D0_3KFA_B,41.7
330,ABL1_MOUSE_D0_3MSS_A,41.7
331,ABL1_HUMAN_D0_2G2H_B,41.7
332,ABL1_HUMAN_D0_2GQG_B,41.7
333,ABL1_HUMAN_D0_2GQG_A,41.7
334,ABL1_HUMAN_D0_2G1T_A,41.7
335,ABL1_MOUSE_D0_3DK7_A,41.7
336,ABL1_HUMAN_D0_2HIW_A,41.7
337,ABL1_MOUSE_D0_3OY3_B,41.7
338,ABL1_HUMAN_D0_2G2I_B,41.7
339,ABL1_MOUSE_D0_3OY3_A,41.7
340,ABL1_MOUSE_D0_3MSS_D,41.7
341,ABL1_HUMAN_D0_3QRJ_A,41.7
342,ABL1_MOUSE_D0_3K5V_A,41.4
343,CSK_RAT_D0_1K9A_F,41.4
344,CSK_RAT_D0_1K9A_B,41.4
345,CSK_RAT_D0_1K9A_E,41.4
346,CSK_RAT_D0_1K9A_A,41.4
347,CSK_RAT_D0_1K9A_C,41.4
348,ABL1_HUMAN_D0_2HYY_B,41.4
349,FES_HUMAN_D0_3CBL_A,41.4
350,ABL1_HUMAN_D0_2HYY_A,41.4
351,CSK_RAT_D0_1K9A_D,41.4
352,FES_HUMAN_D0_3BKB_A,41.4
353,FAK1_HUMAN_D0_4KAO_A,41.3
354,FAK1_HUMAN_D0_4Q9S_A,41.3
355,FAK1_HUMAN_D0_2ETM_B,41.3
356,FAK1_HUMAN_D0_4KAB_A,41.3
357,FAK1_HUMAN_D0_4EBW_A,41.3
358,FAK1_HUMAN_D0_4KAO_B,41.3
359,FAK1_HUMAN_D0_2IJM_A,41.3
360,FAK1_HUMAN_D0_4I4F_A,41.3
361,FAK1_HUMAN_D0_4EBV_A,41.3
362,FAK1_HUMAN_D0_4K9Y_A,41.3
363,FAK1_HUMAN_D0_4GU9_A,41.3
364,FAK1_HUMAN_D0_4KAB_B,41.3
365,FAK1_HUMAN_D0_4I4E_A,41.3
366,FAK1_HUMAN_D0_4K8A_A,41.3
367,FAK1_HUMAN_D0_4GU6_B,41.3
368,FAK1_HUMAN_D0_1MP8_A,41.3
369,FAK1_HUMAN_D0_4GU9_B,41.3
370,FAK1_HUMAN_D0_4GU6_A,41.3
371,FAK1_HUMAN_D0_2ETM_A,41.3
372,FAK1_HUMAN_D0_3PXK_A,41.3
373,FAK1_HUMAN_D0_3PXK_B,41.3
374,FAK1_HUMAN_D0_3BZ3_A,41.3
375,FAK1_HUMAN_D0_4K8A_B,41.3
376,FAK1_HUMAN_D0_2IJM_B,41.3
377,ROS1_HUMAN_D0_3ZBF_A,41.2
378,CSK_HUMAN_D0_3D7U_A,41.2
379,CSK_HUMAN_D0_3D7T_A,41.2
380,FES_HUMAN_D0_4E93_A,41.2
381,CSK_HUMAN_D0_3D7U_C,41.2
382,ITK_HUMAN_D0_3V5J_A,40.9
383,NTRK2_HUMAN_D0_4AT3_A,40.8
384,NTRK2_HUMAN_D0_4ASZ_A,40.8
385,NTRK2_HUMAN_D0_4AT5_A,40.8
386,NTRK2_HUMAN_D0_4AT4_A,40.8
387,BMX_HUMAN_D0_3SXS_A,40.6
388,INSR_HUMAN_D0_3ETA_A,40.5
389,FAK1_CHICK_D0_4BRX_A,40.5
390,BMX_HUMAN_D0_3SXR_A,40.5
391,DDR1_HUMAN_D0_4CKR_A,40.5
392,FAK1_CHICK_D0_2JKK_A,40.5
393,FAK1_CHICK_D0_2J0M_B,40.5
394,FAK1_CHICK_D0_2J0J_A,40.5
395,INSR_HUMAN_D0_1IR3_A,40.5
396,INSR_HUMAN_D0_3BU3_A,40.5
397,INSR_HUMAN_D0_2AUH_A,40.5
398,NTRK1_HUMAN_D0_4GT5_A,40.5
399,FAK1_CHICK_D0_2JKM_A,40.5
400,INSR_HUMAN_D0_3BU6_A,40.5
401,FAK1_CHICK_D0_2JKQ_A,40.5
402,INSR_HUMAN_D0_1RQQ_B,40.5
403,DDR1_HUMAN_D0_4BKJ_A,40.5
404,INSR_HUMAN_D0_4IBM_B,40.5
405,INSR_HUMAN_D0_3ETA_B,40.5
406,DDR1_HUMAN_D0_4BKJ_B,40.5
407,INSR_HUMAN_D0_2B4S_D,40.5
408,INSR_HUMAN_D0_1IRK_A,40.5
409,INSR_HUMAN_D0_3EKN_A,40.5
410,ITK_HUMAN_D0_3QGY_A,40.5
411,DDR1_HUMAN_D0_3ZOS_A,40.5
412,DDR1_HUMAN_D0_3ZOS_B,40.5
413,FAK1_CHICK_D0_4C7T_A,40.5
414,INSR_HUMAN_D0_1I44_A,40.5
415,INSR_HUMAN_D0_3BU5_A,40.5
416,FAK1_CHICK_D0_2JKO_A,40.5
417,FAK1_CHICK_D0_2J0K_B,40.5
418,INSR_HUMAN_D0_3EKK_A,40.5
419,FAK1_CHICK_D0_2J0K_A,40.5
420,INSR_HUMAN_D0_4IBM_A,40.5
421,INSR_HUMAN_D0_1P14_A,40.5
422,FAK1_CHICK_D0_2J0L_A,40.5
423,ITK_HUMAN_D0_3QGW_B,40.3
424,ITK_HUMAN_D0_3MIY_B,40.3
425,ITK_HUMAN_D0_3QGW_A,40.3
426,BTK_HUMAN_D0_1K2P_A,40.3
427,BTK_HUMAN_D0_1K2P_B,40.3
428,NTRK3_HUMAN_D0_3V5Q_B,40.2
429,ITK_HUMAN_D0_3QGY_B,40.2
430,ALK_HUMAN_D0_4FNW_A,40.1
431,ALK_HUMAN_D0_4CD0_A,40.1
432,INSR_HUMAN_D0_1RQQ_A,40.1
433,ALK_HUMAN_D0_4CMU_A,40.1
434,ALK_HUMAN_D0_3LCS_A,40.1
435,ALK_HUMAN_D0_3LCT_A,40.1
436,ALK_HUMAN_D0_4FOB_A,40.1
437,ERBB4_HUMAN_D0_3BBT_B,40.1
438,ALK_HUMAN_D0_4CTC_A,40.1
439,NTRK1_HUMAN_D0_4AOJ_C,40.1
440,NTRK1_HUMAN_D0_4F0I_A,40.1
441,ALK_HUMAN_D0_4CTB_A,40.1
442,NTRK1_HUMAN_D0_4AOJ_A,40.1
443,ALK_HUMAN_D0_2YJR_A,40.1
444,NTRK1_HUMAN_D0_4PMM_A,40.1
445,ALK_HUMAN_D0_4CNH_B,40.1
446,ALK_HUMAN_D0_3L9P_A,40.1
447,NTRK1_HUMAN_D0_4AOJ_B,40.1
448,ERBB4_HUMAN_D0_3BCE_B,40.1
449,IGF1R_HUMAN_D0_1P4O_B,40.1
450,ALK_HUMAN_D0_4ANS_A,40.1
451,ERBB4_HUMAN_D0_2R4B_A,40.1
452,ALK_HUMAN_D0_2YHV_A,40.1
453,ALK_HUMAN_D0_4FOC_A,40.1
454,ALK_HUMAN_D0_4DCE_B,40.1
455,IGF1R_HUMAN_D0_1P4O_A,40.1
456,INSR_HUMAN_D0_2Z8C_A,40.1
457,ALK_HUMAN_D0_4FNX_A,40.1
458,ALK_HUMAN_D0_4JOA_A,40.1
459,NTRK1_HUMAN_D0_4PMT_A,40.1
460,ERBB4_HUMAN_D0_3BBW_B,40.1
461,ERBB4_HUMAN_D0_2R4B_B,40.1
462,ALK_HUMAN_D0_3AOX_A,40.1
463,NTRK1_HUMAN_D0_4PMS_A,40.1
464,INSR_HUMAN_D0_1GAG_A,40.1
465,ERBB4_HUMAN_D0_3BCE_A,40.1
466,ALK_HUMAN_D0_4FNZ_A,40.1
467,ALK_HUMAN_D0_4CLI_A,40.1
468,ERBB4_HUMAN_D0_3BBT_D,40.1
469,NTRK1_HUMAN_D0_4F0I_B,40.1
470,ALK_HUMAN_D0_4ANQ_A,40.1
471,ALK_HUMAN_D0_4DCE_A,40.1
472,ALK_HUMAN_D0_4CLJ_A,40.1
473,ALK_HUMAN_D0_4MKC_A,40.1
474,ALK_HUMAN_D0_2YFX_A,40.1
475,INSR_HUMAN_D0_2B4S_B,40.1
476,ALK_HUMAN_D0_4FOD_A,40.1
477,ALK_HUMAN_D0_2XB7_A,40.1
478,ALK_HUMAN_D0_4CMO_A,40.1
479,ALK_HUMAN_D0_4CNH_A,40.1
480,ALK_HUMAN_D0_4ANL_A,40.1
481,ALK_HUMAN_D0_4CCU_A,40.1
482,ERBB4_HUMAN_D0_3BCE_C,40.1
483,ERBB4_HUMAN_D0_3BBW_A,40.1
484,ALK_HUMAN_D0_2XBA_A,40.1
485,ALK_HUMAN_D0_4FNY_A,40.1
486,ITK_HUMAN_D0_3MIY_A,40.0
487,BTK_HUMAN_D0_4OTR_A,40.0
488,BTK_HUMAN_D0_4OTQ_A,40.0
489,BTK_HUMAN_D0_4OT6_A,40.0
490,BTK_HUMAN_D0_4OT5_A,40.0
491,ITK_HUMAN_D0_3MJ2_A,39.8
492,IGF1R_HUMAN_D0_3F5P_E,39.7
493,IGF1R_HUMAN_D0_3F5P_M,39.7
494,IGF1R_HUMAN_D0_3LW0_B,39.7
495,IGF1R_HUMAN_D0_3LW0_D,39.7
496,IGF1R_HUMAN_D0_3LVP_C,39.7
497,IGF1R_HUMAN_D0_3QQU_C,39.7
498,IGF1R_HUMAN_D0_1JQH_B,39.7
499,IGF1R_HUMAN_D0_3QQU_B,39.7
500,IGF1R_HUMAN_D0_3F5P_C,39.7
501,IGF1R_HUMAN_D0_3QQU_A,39.7
502,IGF1R_HUMAN_D0_3O23_A,39.7
503,IGF1R_HUMAN_D0_2ZM3_C,39.7
504,ITK_HUMAN_D0_4MF1_A,39.7
505,IGF1R_HUMAN_D0_2OJ9_A,39.7
506,IGF1R_HUMAN_D0_3F5P_H,39.7
507,IGF1R_HUMAN_D0_1K3A_A,39.7
508,IGF1R_HUMAN_D0_1M7N_B,39.7
509,IGF1R_HUMAN_D0_3F5P_F,39.7
510,IGF1R_HUMAN_D0_3LVP_D,39.7
511,IGF1R_HUMAN_D0_3F5P_D,39.7
512,IGF1R_HUMAN_D0_1JQH_C,39.7
513,IGF1R_HUMAN_D0_3NW6_A,39.7
514,MET_HUMAN_D0_4KNB_C,39.7
515,IGF1R_HUMAN_D0_3D94_A,39.7
516,IGF1R_HUMAN_D0_2ZM3_A,39.7
517,ITK_HUMAN_D0_4PQN_A,39.7
518,IGF1R_HUMAN_D0_2ZM3_B,39.7
519,IGF1R_HUMAN_D0_3LW0_A,39.7
520,IGF1R_HUMAN_D0_3LVP_B,39.7
521,IGF1R_HUMAN_D0_3LVP_A,39.7
522,FAK2_HUMAN_D0_3FZT_A,39.7
523,ITK_HUMAN_D0_4MF1_B,39.7
524,NTRK3_HUMAN_D0_3V5Q_A,39.7
525,IGF1R_HUMAN_D0_3NW5_A,39.7
526,IGF1R_HUMAN_D0_3NW7_A,39.7
527,IGF1R_HUMAN_D0_1JQH_A,39.7
528,IGF1R_HUMAN_D0_3LW0_C,39.7
529,IGF1R_HUMAN_D0_3I81_A,39.7
530,IGF1R_HUMAN_D0_1M7N_A,39.7
531,IGF1R_HUMAN_D0_3QQU_D,39.7
532,IGF1R_HUMAN_D0_3F5P_G,39.7
533,BMX_HUMAN_D0_3SXR_B,39.6
534,FAK2_HUMAN_D0_4H1J_A,39.6
535,ITK_HUMAN_D0_3V5L_C,39.5
536,ITK_HUMAN_D0_4HCU_A,39.5
537,ITK_HUMAN_D0_4KIO_D,39.5
538,ITK_HUMAN_D0_4PPC_B,39.5
539,ITK_HUMAN_D0_4PPB_B,39.5
540,ITK_HUMAN_D0_3V8T_A,39.5
541,ITK_HUMAN_D0_3V8W_B,39.5
542,ITK_HUMAN_D0_4PPC_A,39.5
543,ITK_HUMAN_D0_1SNX_B,39.5
544,ITK_HUMAN_D0_4KIO_C,39.5
545,ITK_HUMAN_D0_4MF0_B,39.5
546,ITK_HUMAN_D0_4M14_A,39.5
547,ITK_HUMAN_D0_4L7S_A,39.5
548,ITK_HUMAN_D0_4PP9_A,39.5
549,ITK_HUMAN_D0_1SNU_A,39.5
550,ITK_HUMAN_D0_4M12_A,39.5
551,ITK_HUMAN_D0_4PPA_A,39.5
552,ITK_HUMAN_D0_4M0Z_A,39.5
553,ITK_HUMAN_D0_4KIO_B,39.5
554,ITK_HUMAN_D0_3T9T_A,39.5
555,ITK_HUMAN_D0_4M13_A,39.5
556,ITK_HUMAN_D0_1SNU_B,39.5
557,ITK_HUMAN_D0_3V5L_B,39.5
558,ITK_HUMAN_D0_3V8W_A,39.5
559,ITK_HUMAN_D0_4HCT_A,39.5
560,ITK_HUMAN_D0_4PP9_B,39.5
561,ITK_HUMAN_D0_1SM2_A,39.5
562,NTRK1_HUMAN_D0_4PMP_A,39.5
563,ITK_HUMAN_D0_4PPA_B,39.5
564,ITK_HUMAN_D0_3V8T_B,39.5
565,ITK_HUMAN_D0_4M15_A,39.5
566,ITK_HUMAN_D0_4PPB_A,39.5
567,ITK_HUMAN_D0_1SNX_A,39.5
568,ITK_HUMAN_D0_1SM2_B,39.5
569,ITK_HUMAN_D0_4L7S_B,39.5
570,ITK_HUMAN_D0_3V5L_A,39.5
571,ITK_HUMAN_D0_4M0Y_A,39.5
572,ITK_HUMAN_D0_4HCV_A,39.5
573,ITK_HUMAN_D0_4MF0_A,39.5
574,ITK_HUMAN_D0_4KIO_A,39.5
575,ITK_HUMAN_D0_3V5J_B,39.5
576,FAK2_HUMAN_D0_3FZP_A,39.4
577,FAK2_HUMAN_D0_4H1M_A,39.4
578,FAK2_HUMAN_D0_3FZO_A,39.4
579,FAK2_HUMAN_D0_3H3C_A,39.4
580,FAK2_HUMAN_D0_3ET7_A,39.4
581,FAK2_HUMAN_D0_3FZR_A,39.4
582,FAK2_HUMAN_D0_3FZS_A,39.4
583,FAK2_HUMAN_D0_3CC6_A,39.4
584,IGF1R_HUMAN_D0_3F5P_I,39.3
585,IGF1R_HUMAN_D0_3F5P_A,39.3
586,IGF1R_HUMAN_D0_3F5P_S,39.3
587,IGF1R_HUMAN_D0_3F5P_B,39.3
588,IGF1R_HUMAN_D0_3F5P_J,39.3
589,IGF1R_HUMAN_D0_3F5P_R,39.3
590,IGF1R_HUMAN_D0_3F5P_T,39.3
591,IGF1R_HUMAN_D0_3F5P_L,39.3
592,IGF1R_HUMAN_D0_3F5P_K,39.3
593,IGF1R_HUMAN_D0_2ZM3_D,39.3
594,BTK_HUMAN_D0_3P08_A,39.0
595,BTK_HUMAN_D0_3PIY_A,39.0
596,BTK_HUMAN_D0_3GEN_A,39.0
597,BTK_HUMAN_D0_3PIZ_A,39.0
598,BTK_HUMAN_D0_3K54_A,39.0
599,BTK_HUMAN_D0_3OCT_A,39.0
600,BTK_HUMAN_D0_3PIX_A,39.0
601,BTK_HUMAN_D0_3PJ3_A,39.0
602,BTK_HUMAN_D0_3PJ2_A,39.0
603,BTK_HUMAN_D0_3P08_B,39.0
604,BTK_HUMAN_D0_3OCS_A,39.0
605,BTK_HUMAN_D0_3PJ1_A,39.0
606,TIE2_HUMAN_D0_3L8P_A,38.9
607,BTK_HUMAN_D0_4NWM_B,38.9
608,ALK_HUMAN_D0_2XP2_A,38.9
609,BTK_HUMAN_D0_4NWM_A,38.9
610,ITK_HUMAN_D0_3V5L_D,38.9
611,TIE2_HUMAN_D0_1FVR_A,38.9
612,TIE2_HUMAN_D0_1FVR_B,38.9
613,ALK_HUMAN_D0_4CMT_A,38.7
614,ALK_HUMAN_D0_4CCB_A,38.6
615,ERBB2_HUMAN_D0_3PP0_B,38.5
616,ALK_HUMAN_D0_2YJS_A,38.5
617,ERBB2_HUMAN_D0_3RCD_D,38.5
618,ERBB2_HUMAN_D0_3RCD_C,38.5
619,ERBB2_HUMAN_D0_3RCD_A,38.5
620,ERBB2_HUMAN_D0_3PP0_A,38.5
621,ERBB2_HUMAN_D0_3RCD_B,38.5
622,EGFR_HUMAN_D0_2RFD_A,38.3
623,EGFR_HUMAN_D0_2ITP_A,38.2
624,EGFR_HUMAN_D0_4I20_A,38.2
625,EGFR_HUMAN_D0_3W2P_A,38.2
626,EGFR_HUMAN_D0_2JIV_A,38.2
627,EGFR_HUMAN_D0_3W2Q_A,38.2
628,EGFR_HUMAN_D0_4JR3_A,38.2
629,EGFR_HUMAN_D0_3LZB_B,38.2
630,EGFR_HUMAN_D0_2J5E_A,38.2
631,EGFR_HUMAN_D0_4JQ7_A,38.2
632,KSYK_HUMAN_D0_4FYN_A,38.2
633,MET_HUMAN_D0_3DKC_A,38.2
634,EGFR_HUMAN_D0_2ITU_A,38.2
635,EGFR_HUMAN_D0_3LZB_A,38.2
636,EGFR_HUMAN_D0_2ITV_A,38.2
637,EGFR_HUMAN_D0_2GS2_A,38.2
638,EGFR_HUMAN_D0_4I21_A,38.2
639,EGFR_HUMAN_D0_2JIT_B,38.2
640,EGFR_HUMAN_D0_4I24_A,38.2
641,EGFR_HUMAN_D0_2ITY_A,38.2
642,EGFR_HUMAN_D0_2GS7_B,38.2
643,EGFR_HUMAN_D0_2RFE_C,38.2
644,EGFR_HUMAN_D0_3IKA_A,38.2
645,EGFR_HUMAN_D0_2ITO_A,38.2
646,EGFR_HUMAN_D0_2JIU_A,38.2
647,EGFR_HUMAN_D0_2ITZ_A,38.2
648,EGFR_HUMAN_D0_2GS7_A,38.2
649,FGFR2_HUMAN_D0_4J99_C,38.2
650,EGFR_HUMAN_D0_1M14_A,38.2
651,EGFR_HUMAN_D0_2GS6_A,38.2
652,FGFR2_HUMAN_D0_3CLY_A,38.2
653,EGFR_HUMAN_D0_3W2S_A,38.2
654,EGFR_HUMAN_D0_4WKQ_A,38.2
655,EGFR_HUMAN_D0_3POZ_A,38.2
656,EGFR_HUMAN_D0_4I24_B,38.2
657,EGFR_HUMAN_D0_4JQ8_A,38.2
658,EGFR_HUMAN_D0_2RFE_B,38.2
659,EGFR_HUMAN_D0_4I21_B,38.2
660,EGFR_HUMAN_D0_4LI5_A,38.2
661,EGFR_HUMAN_D0_4TKS_A,38.2
662,EGFR_HUMAN_D0_4LRM_A,38.2
663,EGFR_HUMAN_D0_4JRV_A,38.2
664,EGFR_HUMAN_D0_4I23_A,38.2
665,EGFR_HUMAN_D0_2JIV_B,38.2
666,EGFR_HUMAN_D0_4HJO_A,38.2
667,EGFR_HUMAN_D0_2RFE_A,38.2
668,EGFR_HUMAN_D0_1XKK_A,38.2
669,EGFR_HUMAN_D0_4LRM_B,38.2
670,EGFR_HUMAN_D0_3GT8_C,38.2
671,EGFR_HUMAN_D0_2J5F_A,38.2
672,EGFR_HUMAN_D0_4LL0_A,38.2
673,EGFR_HUMAN_D0_1M17_A,38.2
674,EGFR_HUMAN_D0_2ITW_A,38.2
675,EGFR_HUMAN_D0_3LZB_D,38.2
676,EGFR_HUMAN_D0_3GT8_D,38.2
677,EGFR_HUMAN_D0_3VJO_A,38.2
678,EGFR_HUMAN_D0_2ITX_A,38.2
679,EGFR_HUMAN_D0_4R5S_A,38.2
680,EGFR_HUMAN_D0_2RF9_B,38.2
681,EGFR_HUMAN_D0_4G5P_A,38.2
682,EGFR_HUMAN_D0_3LZB_C,38.2
683,EGFR_HUMAN_D0_2J6M_A,38.2
684,EGFR_HUMAN_D0_4G5P_B,38.2
685,EGFR_HUMAN_D0_3IKA_B,38.2
686,EGFR_HUMAN_D0_4G5J_A,38.2
687,EGFR_HUMAN_D0_2ITT_A,38.2
688,EGFR_HUMAN_D0_3GT8_A,38.2
689,EGFR_HUMAN_D0_4LQM_A,38.2
690,EGFR_HUMAN_D0_3W2R_A,38.2
691,EGFR_HUMAN_D0_2ITQ_A,38.2
692,EGFR_HUMAN_D0_3BEL_A,38.2
693,EGFR_HUMAN_D0_3W32_A,38.2
694,EGFR_HUMAN_D0_4LRM_C,38.2
695,EGFR_HUMAN_D0_3W2O_A,38.2
696,EGFR_HUMAN_D0_4LRM_D,38.2
697,ACK1_HUMAN_D0_1U54_A,38.2
698,EGFR_HUMAN_D0_4I22_A,38.2
699,EGFR_HUMAN_D0_2ITN_A,38.2
700,EGFR_HUMAN_D0_4LRM_E,38.2
701,EGFR_HUMAN_D0_2JIU_B,38.2
702,EGFR_HUMAN_D0_4I1Z_A,38.2
703,EGFR_HUMAN_D0_2RGP_A,38.2
704,EGFR_HUMAN_D0_3W33_A,38.2
705,EGFR_HUMAN_D0_2RFE_D,38.2
706,EGFR_HUMAN_D0_2RFD_B,38.2
707,FGFR2_HUMAN_D0_3B2T_A,38.2
708,ITK_HUMAN_D0_3MJ1_A,38.1
709,MERTK_HUMAN_D0_3BPR_C,38.0
710,EGFR_HUMAN_D0_2RF9_A,37.8
711,MET_HUMAN_D0_3CD8_A,37.8
712,MET_HUMAN_D0_4MXC_A,37.8
713,EGFR_HUMAN_D0_2JIT_A,37.8
714,MET_HUMAN_D0_4DEH_A,37.8
715,MET_HUMAN_D0_2G15_A,37.8
716,MET_HUMAN_D0_3EFJ_A,37.8
717,MET_HUMAN_D0_3ZZE_A,37.8
718,MET_HUMAN_D0_4IWD_A,37.8
719,MET_HUMAN_D0_2RFS_A,37.8
720,MET_HUMAN_D0_4AP7_A,37.8
721,MET_HUMAN_D0_3I5N_A,37.8
722,MET_HUMAN_D0_3F82_A,37.8
723,MET_HUMAN_D0_3R7O_A,37.8
724,MET_HUMAN_D0_3F66_A,37.8
725,MET_HUMAN_D0_2WKM_A,37.8
726,MET_HUMAN_D0_3CE3_A,37.8
727,MET_HUMAN_D0_2WGJ_A,37.8
728,MET_HUMAN_D0_4DEG_A,37.8
729,MET_HUMAN_D0_3U6I_A,37.8
730,MET_HUMAN_D0_4DEI_A,37.8
731,MET_HUMAN_D0_4KNB_D,37.8
732,MET_HUMAN_D0_3QTI_A,37.8
733,MET_HUMAN_D0_2RFN_A,37.8
734,MET_HUMAN_D0_3LQ8_A,37.8
735,MET_HUMAN_D0_3CTJ_A,37.8
736,MET_HUMAN_D0_3VW8_A,37.8
737,MET_HUMAN_D0_3A4P_A,37.8
738,MET_HUMAN_D0_3RHK_A,37.8
739,MET_HUMAN_D0_1R0P_A,37.8
740,MET_HUMAN_D0_3QTI_B,37.8
741,MET_HUMAN_D0_3ZCL_A,37.8
742,MET_HUMAN_D0_2WD1_A,37.8
743,MET_HUMAN_D0_1R1W_A,37.8
744,MET_HUMAN_D0_3ZBX_A,37.8
745,MET_HUMAN_D0_3F66_B,37.8
746,MET_HUMAN_D0_3CCN_A,37.8
747,MET_HUMAN_D0_3U6H_A,37.8
748,MET_HUMAN_D0_3L8V_A,37.8
749,MET_HUMAN_D0_3CTH_A,37.8
750,MET_HUMAN_D0_2RFN_B,37.8
751,MET_HUMAN_D0_3Q6W_A,37.8
752,MET_HUMAN_D0_3C1X_A,37.8
753,MET_HUMAN_D0_3DKF_A,37.8
754,MET_HUMAN_D0_3EFK_A,37.8
755,MET_HUMAN_D0_3DKG_A,37.8
756,MET_HUMAN_D0_3ZXZ_A,37.8
757,MET_HUMAN_D0_4KNB_B,37.8
758,MET_HUMAN_D0_3EFK_B,37.8
759,MET_HUMAN_D0_3EFJ_B,37.8
760,MET_HUMAN_D0_4EEV_A,37.8
761,MET_HUMAN_D0_3Q6U_A,37.8
762,MET_HUMAN_D0_3ZC5_A,37.8
763,ACK1_HUMAN_D0_4HZS_A,37.7
764,ACK1_HUMAN_D0_1U46_A,37.7
765,ACK1_HUMAN_D0_4EWH_B,37.7
766,ACK1_HUMAN_D0_4EWH_A,37.7
767,ACK1_HUMAN_D0_4HZR_B,37.7
768,ACK1_HUMAN_D0_1U46_B,37.7
769,ACK1_HUMAN_D0_3EQP_A,37.7
770,ACK1_HUMAN_D0_3EQR_B,37.7
771,ACK1_HUMAN_D0_4HZS_C,37.7
772,ACK1_HUMAN_D0_1U54_B,37.7
773,ACK1_HUMAN_D0_4HZS_D,37.7
774,ACK1_HUMAN_D0_3EQR_A,37.7
775,ACK1_HUMAN_D0_4HZR_A,37.7
776,ACK1_HUMAN_D0_1U4D_B,37.7
777,ACK1_HUMAN_D0_4HZS_B,37.7
778,ACK1_HUMAN_D0_3EQP_B,37.7
779,ACK1_HUMAN_D0_4ID7_A,37.7
780,ACK1_HUMAN_D0_1U4D_A,37.7
781,TIE2_HUMAN_D0_2WQB_A,37.5
782,RET_HUMAN_D0_4CKI_A,37.4
783,RET_HUMAN_D0_4CKJ_A,37.4
784,RET_HUMAN_D0_2X2M_A,37.4
785,RET_HUMAN_D0_2X2K_A,37.4
786,VGFR1_HUMAN_D0_3HNG_A,37.4
787,KIT_HUMAN_D0_1PKG_B,37.4
788,KSYK_HUMAN_D0_3TUB_A,37.2
789,BRAF_HUMAN_D0_4FK3_B,37.2
790,KSYK_HUMAN_D0_3TUD_A,37.2
791,KSYK_HUMAN_D0_4FL1_A,37.2
792,KSYK_HUMAN_D0_4PUZ_B,37.2
793,KSYK_HUMAN_D0_4FZ7_A,37.2
794,KSYK_HUMAN_D0_4FL2_A,37.2
795,KSYK_HUMAN_D0_3SRV_B,37.2
796,KSYK_HUMAN_D0_3TUC_A,37.2
797,KSYK_HUMAN_D0_3VF9_A,37.2
798,KSYK_HUMAN_D0_1XBC_A,37.2
799,KSYK_HUMAN_D0_4FL3_A,37.2
800,KSYK_HUMAN_D0_3FQS_A,37.2
801,KSYK_HUMAN_D0_3FQH_A,37.2
802,KSYK_HUMAN_D0_3VF8_A,37.2
803,KSYK_HUMAN_D0_3EMG_A,37.2
804,KSYK_HUMAN_D0_4I0S_A,37.2
805,KSYK_HUMAN_D0_4GFG_A,37.2
806,KSYK_HUMAN_D0_4PX6_A,37.2
807,KSYK_HUMAN_D0_4FYO_A,37.2
808,KSYK_HUMAN_D0_4I0R_A,37.2
809,KSYK_HUMAN_D0_4DFL_A,37.2
810,KSYK_HUMAN_D0_4DFN_A,37.2
811,KSYK_HUMAN_D0_3SRV_A,37.2
812,KSYK_HUMAN_D0_1XBA_A,37.2
813,KSYK_HUMAN_D0_4I0T_A,37.2
814,KSYK_HUMAN_D0_4F4P_A,37.2
815,KSYK_HUMAN_D0_3FQH_B,37.2
816,KSYK_HUMAN_D0_4PUZ_A,37.2
817,KSYK_HUMAN_D0_4FZ6_A,37.2
818,KSYK_HUMAN_D0_3FQE_A,37.2
819,KSYK_HUMAN_D0_4PV0_A,37.2
820,KSYK_HUMAN_D0_1XBB_A,37.2
821,ERBB3_HUMAN_D0_3LMG_B,37.0
822,FGFR1_HUMAN_D0_3GQL_A,37.0
823,FGFR1_HUMAN_D0_3C4F_A,37.0
824,MERTK_HUMAN_D0_3BRB_A,37.0
825,MERTK_HUMAN_D0_4MHA_A,37.0
826,MERTK_HUMAN_D0_4M3Q_B,37.0
827,MERTK_HUMAN_D0_4MHA_B,37.0
828,MERTK_HUMAN_D0_4MH7_B,37.0
829,FGFR1_HUMAN_D0_3TT0_A,37.0
830,FGFR1_HUMAN_D0_4NKA_B,37.0
831,MERTK_HUMAN_D0_3BPR_B,37.0
832,FGFR1_HUMAN_D0_4NK9_B,37.0
833,FGFR1_HUMAN_D0_4F65_A,37.0
834,FGFR2_HUMAN_D0_2PVF_A,37.0
835,MERTK_HUMAN_D0_2P0C_B,37.0
836,FGFR1_HUMAN_D0_3KXX_A,37.0
837,FGFR1_HUMAN_D0_4NKA_A,37.0
838,FGFR1_HUMAN_D0_3JS2_A,37.0
839,MERTK_HUMAN_D0_3TCP_B,37.0
840,MERTK_HUMAN_D0_3BPR_D,37.0
841,MERTK_HUMAN_D0_3BRB_B,37.0
842,FGFR4_HUMAN_D0_4TYE_A,37.0
843,MERTK_HUMAN_D0_4M3Q_A,37.0
844,FGFR1_HUMAN_D0_3C4F_B,37.0
845,FGFR4_HUMAN_D0_4TYJ_A,37.0
846,EGFR_HUMAN_D0_2EB2_A,37.0
847,MERTK_HUMAN_D0_3TCP_A,37.0
848,KIT_HUMAN_D0_1PKG_A,37.0
849,MERTK_HUMAN_D0_4MH7_A,37.0
850,MERTK_HUMAN_D0_2P0C_A,37.0
851,MERTK_HUMAN_D0_3BPR_A,37.0
852,MET_HUMAN_D0_3RHK_B,37.0
853,FGFR4_HUMAN_D0_4R6V_A,36.8
854,BRAF_HUMAN_D0_4G9R_B,36.8
855,BRAF_HUMAN_D0_1UWJ_B,36.8
856,BRAF_HUMAN_D0_4G9R_A,36.7
857,BRAF_HUMAN_D0_1UWJ_A,36.7
858,FGFR1_HUMAN_D0_3GQI_A,36.6
859,KIT_HUMAN_D0_4HVS_A,36.6
860,CSF1R_HUMAN_D0_3LCD_A,36.6
861,BRAF_HUMAN_D0_4JVG_A,36.6
862,BRAF_HUMAN_D0_4JVG_D,36.6
863,EGFR_HUMAN_D0_3VJN_A,36.6
864,EGFR_HUMAN_D0_4LL0_B,36.5
865,EGFR_HUMAN_D0_2EB3_A,36.5
866,BRAF_HUMAN_D0_4JVG_C,36.4
867,JAK2_HUMAN_D1_3UGC_A,36.3
868,JAK2_HUMAN_D1_3Q32_A,36.3
869,JAK2_HUMAN_D1_4E6D_B,36.3
870,JAK2_HUMAN_D1_4JI9_A,36.3
871,JAK2_HUMAN_D1_3Q32_B,36.3
872,JAK2_HUMAN_D1_2W1I_A,36.3
873,JAK2_HUMAN_D1_4BBF_A,36.3
874,JAK2_HUMAN_D1_4AQC_B,36.3
875,JAK2_HUMAN_D1_2W1I_B,36.3
876,JAK2_HUMAN_D1_4D0X_A,36.3
877,JAK2_HUMAN_D1_3E63_A,36.3
878,JAK2_HUMAN_D1_4E4M_A,36.3
879,JAK2_HUMAN_D1_3IO7_A,36.3
880,JAK2_HUMAN_D1_4GFM_A,36.3
881,JAK2_HUMAN_D1_4JIA_A,36.3
882,JAK2_HUMAN_D1_4GMY_A,36.3
883,JAK2_HUMAN_D1_4IVA_A,36.3
884,JAK2_HUMAN_D1_3JY9_A,36.3
885,JAK2_HUMAN_D1_4E4M_E,36.3
886,JAK2_HUMAN_D1_4F08_A,36.3
887,JAK2_HUMAN_D1_4BBE_B,36.3
888,JAK2_HUMAN_D1_4E6Q_A,36.3
889,JAK2_HUMAN_D1_4JI9_B,36.3
890,JAK2_HUMAN_D1_4D0W_A,36.3
891,JAK2_HUMAN_D1_3FUP_B,36.3
892,JAK2_HUMAN_D1_4BBF_C,36.3
893,JAK2_HUMAN_D1_2B7A_B,36.3
894,JAK2_HUMAN_D1_4F09_A,36.3
895,JAK2_HUMAN_D1_3FUP_A,36.3
896,FGFR1_HUMAN_D0_4NK9_A,36.3
897,JAK2_HUMAN_D1_3LPB_B,36.3
898,FGFR2_HUMAN_D0_2PZP_A,36.3
899,JAK2_HUMAN_D1_3KCK_A,36.3
900,JAK2_HUMAN_D1_3TJD_B,36.3
901,JAK2_HUMAN_D1_4HGE_A,36.3
902,JAK2_HUMAN_D1_3E62_A,36.3
903,JAK2_HUMAN_D1_3IOK_A,36.3
904,JAK2_HUMAN_D1_3LPB_A,36.3
905,JAK2_HUMAN_D1_3TJD_A,36.3
906,JAK2_HUMAN_D1_3TJC_A,36.3
907,JAK2_HUMAN_D1_3E64_A,36.3
908,JAK2_HUMAN_D1_4E6D_A,36.3
909,JAK2_HUMAN_D1_3KRR_A,36.3
910,FGFR2_HUMAN_D0_2PZP_B,36.3
911,JAK2_HUMAN_D1_3TJC_B,36.3
912,JAK2_HUMAN_D1_4BBE_C,36.3
913,JAK2_HUMAN_D1_4BBE_D,36.3
914,JAK2_HUMAN_D1_4BBF_B,36.3
915,JAK2_HUMAN_D1_4AQC_A,36.3
916,JAK2_HUMAN_D1_4HGE_B,36.3
917,JAK2_HUMAN_D1_4F08_B,36.3
918,JAK2_HUMAN_D1_4E6Q_B,36.3
919,JAK2_HUMAN_D1_4E4M_B,36.3
920,JAK2_HUMAN_D1_4BBF_D,36.3
921,JAK2_HUMAN_D1_4E4M_D,36.3
922,JAK2_HUMAN_D1_2B7A_A,36.3
923,JAK2_HUMAN_D1_4BBE_A,36.3
924,BRAF_HUMAN_D0_4JVG_B,36.2
925,BRAF_HUMAN_D0_4FK3_A,36.2
926,BRAF_HUMAN_D0_3C4C_B,36.1
927,ERBB3_HUMAN_D0_3LMG_A,36.0
928,ERBB3_HUMAN_D0_4OTW_A,36.0
929,M3K9_HUMAN_D0_3DTC_A,36.0
930,ERBB3_HUMAN_D0_3KEX_B,36.0
931,FGFR1_HUMAN_D0_3WJ6_B,36.0
932,ERBB3_HUMAN_D0_3KEX_A,36.0
933,JAK2_HUMAN_D1_3RVG_A,35.9
934,CSF1R_HUMAN_D0_3LCO_A,35.9
935,CSF1R_HUMAN_D0_2OGV_A,35.9
936,BRAF_HUMAN_D0_3C4C_A,35.9
937,JAK2_HUMAN_D1_4D1S_A,35.9
938,JAK3_HUMAN_D1_3ZC6_B,35.9
939,FGFR1_HUMAN_D0_2FGI_A,35.8
940,JAK2_MOUSE_D1_4GL9_C,35.5
941,JAK3_HUMAN_D1_3ZC6_A,35.5
942,JAK3_HUMAN_D1_3ZEP_B,35.5
943,JAK3_HUMAN_D1_1YVJ_A,35.5
944,JAK3_HUMAN_D1_3ZEP_C,35.5
945,VGFR2_HUMAN_D0_1Y6A_A,35.5
946,JAK2_MOUSE_D1_4GL9_A,35.5
947,JAK2_MOUSE_D1_4GL9_D,35.5
948,JAK2_HUMAN_D1_4C61_B,35.5
949,JAK3_HUMAN_D1_3ZC6_C,35.5
950,VGFR2_HUMAN_D0_2XIR_A,35.5
951,JAK2_HUMAN_D1_3ZMM_B,35.5
952,JAK2_MOUSE_D1_4GL9_B,35.5
953,JAK3_HUMAN_D1_3ZC6_D,35.3
954,RAF1_HUMAN_D0_3OMV_B,35.2
955,JAK2_HUMAN_D1_4C62_B,35.2
956,RAF1_HUMAN_D0_3OMV_A,35.2
957,CSF1R_HUMAN_D0_4HW7_A,35.1
958,JAK2_HUMAN_D1_2XA4_B,35.0
959,BRAF_HUMAN_D0_4KSP_A,34.9
960,BRAF_HUMAN_D0_4EHG_A,34.9
961,BRAF_HUMAN_D0_3IDP_B,34.9
962,BRAF_HUMAN_D0_4H58_A,34.9
963,BRAF_HUMAN_D0_4PP7_B,34.9
964,BRAF_HUMAN_D0_4E26_A,34.9
965,BRAF_HUMAN_D0_3IDP_A,34.9
966,BRAF_HUMAN_D0_4KSP_B,34.9
967,BRAF_HUMAN_D0_3II5_B,34.9
968,BRAF_HUMAN_D0_3Q96_A,34.9
969,BRAF_HUMAN_D0_3D4Q_A,34.9
970,BRAF_HUMAN_D0_4MNE_F,34.9
971,BRAF_HUMAN_D0_3PPK_B,34.9
972,BRAF_HUMAN_D0_3Q4C_B,34.9
973,BRAF_HUMAN_D0_4FC0_A,34.9
974,BRAF_HUMAN_D0_1UWH_B,34.9
975,BRAF_HUMAN_D0_3TV6_B,34.9
976,BRAF_HUMAN_D0_4E4X_B,34.9
977,BRAF_HUMAN_D0_3PRI_B,34.9
978,BRAF_HUMAN_D0_4FC0_B,34.9
979,BRAF_HUMAN_D0_4MBJ_A,34.9
980,BRAF_HUMAN_D0_4MNE_G,34.9
981,BRAF_HUMAN_D0_3PPK_A,34.9
982,BRAF_HUMAN_D0_3PRF_A,34.9
983,BRAF_HUMAN_D0_3Q96_B,34.9
984,BRAF_HUMAN_D0_3PPJ_B,34.9
985,BRAF_HUMAN_D0_4H58_B,34.9
986,BRAF_HUMAN_D0_4G9C_B,34.9
987,BRAF_HUMAN_D0_4EHG_B,34.9
988,BRAF_HUMAN_D0_4MNE_C,34.9
989,BRAF_HUMAN_D0_3PRI_A,34.9
990,BRAF_HUMAN_D0_3TV4_B,34.9
991,EGFR_HUMAN_D0_3GOP_A,34.9
992,BRAF_HUMAN_D0_2FB8_B,34.9
993,BRAF_HUMAN_D0_3SKC_B,34.9
994,BRAF_HUMAN_D0_3Q4C_A,34.9
995,BRAF_HUMAN_D0_3PSB_B,34.9
996,BRAF_HUMAN_D0_3PSD_B,34.9
997,BRAF_HUMAN_D0_1UWH_A,34.9
998,BRAF_HUMAN_D0_2FB8_A,34.9
999,BRAF_HUMAN_D0_4G9C_A,34.9
1000,BRAF_HUMAN_D0_4MNF_B,34.9
1001,BRAF_HUMAN_D0_3PPJ_A,34.9
1002,BRAF_HUMAN_D0_4MBJ_B,34.9
1003,BRAF_HUMAN_D0_4MNE_B,34.9
1004,BRAF_HUMAN_D0_4MNF_A,34.9
1005,BRAF_HUMAN_D0_4EHE_A,34.9
1006,BRAF_HUMAN_D0_3PSB_A,34.9
1007,BRAF_HUMAN_D0_4E26_B,34.9
1008,BRAF_HUMAN_D0_3PRF_B,34.9
1009,BRAF_HUMAN_D0_4E4X_A,34.9
1010,BRAF_HUMAN_D0_4PP7_A,34.9
1011,BRAF_HUMAN_D0_4EHE_B,34.9
1012,BRAF_HUMAN_D0_3D4Q_B,34.9
1013,BRAF_HUMAN_D0_4H58_C,34.9
1014,BRAF_HUMAN_D0_4KSQ_A,34.9
1015,BRAF_HUMAN_D0_3TV4_A,34.9
1016,BRAF_HUMAN_D0_3TV6_A,34.9
1017,BRAF_HUMAN_D0_3PSD_A,34.9
1018,BRAF_HUMAN_D0_4KSQ_B,34.9
1019,BRAF_HUMAN_D0_3SKC_A,34.9
1020,BRAF_HUMAN_D0_4DBN_A,34.9
1021,EGFR_HUMAN_D0_4WRG_A,34.8
1022,VGFR2_HUMAN_D0_2QU6_B,34.8
1023,JAK3_HUMAN_D1_4HVH_A,34.7
1024,JAK2_HUMAN_D1_2XA4_A,34.7
1025,JAK2_HUMAN_D1_4C61_A,34.7
1026,VGFR2_HUMAN_D0_1Y6B_A,34.7
1027,RON_HUMAN_D0_3PLS_A,34.7
1028,VGFR2_HUMAN_D0_2OH4_A,34.7
1029,JAK3_HUMAN_D1_4I6Q_A,34.7
1030,VGFR2_HUMAN_D0_2P2I_B,34.6
1031,EGFR_HUMAN_D0_3UG2_A,34.5
1032,EGFR_HUMAN_D0_3UG1_A,34.5
1033,JAK3_HUMAN_D1_3LXL_A,34.4
1034,VGFR2_HUMAN_D0_2QU6_A,34.3
1035,JAK2_HUMAN_D1_4C62_A,34.2
1036,JAK2_HUMAN_D1_3ZMM_A,34.2
1037,JAK3_HUMAN_D1_3ZEP_D,34.1
1038,CTR1_ARATH_D0_3PPZ_A,34.1
1039,VGFR2_HUMAN_D0_3B8Q_B,34.1
1040,VGFR2_HUMAN_D0_3CJF_A,34.1
1041,VGFR2_HUMAN_D0_3B8R_A,34.1
1042,VGFR2_HUMAN_D0_2P2H_A,34.1
1043,JAK1_HUMAN_D1_3EYH_A,34.0
1044,TYK2_MOUSE_D1_4E1Z_A,34.0
1045,JAK1_HUMAN_D1_3EYG_A,34.0
1046,JAK1_HUMAN_D1_4IVD_B,34.0
1047,JAK1_HUMAN_D1_4IVB_B,34.0
1048,JAK1_HUMAN_D1_4IVC_A,34.0
1049,JAK1_HUMAN_D1_4I5C_B,34.0
1050,JAK1_HUMAN_D1_4E4N_A,34.0
1051,JAK1_HUMAN_D1_4FK6_B,34.0
1052,JAK1_HUMAN_D1_4EI4_B,34.0
1053,JAK1_HUMAN_D1_4IVC_B,34.0
1054,JAK1_HUMAN_D1_4EHZ_D,34.0
1055,JAK1_HUMAN_D1_4K77_B,34.0
1056,JAK1_HUMAN_D1_4E4L_A,34.0
1057,JAK1_HUMAN_D1_4IVB_A,34.0
1058,JAK1_HUMAN_D1_4EHZ_A,34.0
1059,JAK1_HUMAN_D1_4FK6_A,34.0
1060,JAK1_HUMAN_D1_4E4L_B,34.0
1061,JAK1_HUMAN_D1_4IVD_A,34.0
1062,JAK1_HUMAN_D1_4EI4_A,34.0
1063,JAK1_HUMAN_D1_4E4L_E,34.0
1064,JAK1_HUMAN_D1_4E5W_A,34.0
1065,JAK1_HUMAN_D1_4EHZ_C,34.0
1066,JAK1_HUMAN_D1_4E4N_B,34.0
1067,JAK1_HUMAN_D1_4EHZ_B,34.0
1068,JAK1_HUMAN_D1_4K77_A,34.0
1069,JAK1_HUMAN_D1_4K6Z_A,34.0
1070,VGFR2_HUMAN_D0_1VR2_A,33.7
1071,VGFR2_HUMAN_D0_3BE2_A,33.7
1072,VGFR2_HUMAN_D0_3B8R_B,33.7
1073,JAK1_HUMAN_D1_4E4L_D,33.6
1074,TYK2_HUMAN_D1_3LXP_A,33.6
1075,TYK2_HUMAN_D1_3LXN_A,33.6
1076,TYK2_HUMAN_D1_4PY1_A,33.6
1077,TYK2_MOUSE_D1_4E20_A,33.6
1078,VGFR2_HUMAN_D0_2RL5_A,33.5
1079,VGFR2_HUMAN_D0_3C7Q_A,33.2
1080,VGFR2_HUMAN_D0_2QU5_A,33.2
1081,M3K7_HUMAN_D0_4L53_A,33.2
1082,M3K7_HUMAN_D0_4GS6_A,33.2
1083,M3K7_HUMAN_D0_2EVA_A,33.2
1084,TYK2_HUMAN_D1_3NZ0_A,33.2
1085,M3K7_HUMAN_D0_4L3P_A,33.2
1086,M3K7_HUMAN_D0_4O91_A,33.2
1087,M3K7_HUMAN_D0_2YIY_A,33.2
1088,M3K7_HUMAN_D0_4L52_A,33.2
1089,TYK2_HUMAN_D1_4GFO_A,33.2
1090,VGFR2_HUMAN_D0_3B8Q_A,32.9
1091,ROCO4_DICDI_D0_4F1T_A,32.8
1092,ROCO4_DICDI_D0_4F0G_A,32.8
1093,TYK2_HUMAN_D1_4GVJ_A,32.8
1094,VGFR2_HUMAN_D0_1YWN_A,32.8
1095,LIMK2_HUMAN_D0_4TPT_B,32.8
1096,ROCO4_DICDI_D0_4F0F_A,32.8
1097,TYK2_HUMAN_D1_3NYX_A,32.8
1098,ROCO4_DICDI_D0_4F1O_A,32.8
1099,LIMK2_HUMAN_D0_4TPT_A,32.8
1100,VGFR2_HUMAN_D0_2P2I_A,32.5
1101,TYK2_HUMAN_D1_4GJ3_A,32.4
1102,TYK2_HUMAN_D1_4GII_A,32.4
1103,TYK2_HUMAN_D1_4OLI_A,32.4
1104,TYK2_HUMAN_D1_4GJ2_A,32.4
1105,JAK1_HUMAN_D1_4I5C_A,32.4
1106,TYK2_HUMAN_D1_4GIH_A,32.4
1107,CTR1_ARATH_D0_3PPZ_B,32.1
1108,LIMK1_HUMAN_D0_3S95_A,31.7
1109,CTR1_ARATH_D0_3P86_B,31.7
1110,LIMK1_HUMAN_D0_3S95_B,31.7
1111,JAK1_HUMAN_D1_4E5W_B,31.7
1112,CTR1_ARATH_D0_3P86_A,31.7
1113,BAK1_ARATH_D0_3TL8_G,30.9
1114,BAK1_ARATH_D0_3TL8_A,30.9
1115,BAK1_ARATH_D0_3TL8_D,30.9
1116,BAK1_ARATH_D0_3TL8_H,30.9
1117,BAK1_ARATH_D0_3UIM_A,30.5
1118,BAK1_ARATH_D0_3ULZ_A,30.5
1119,RIPK3_MOUSE_D0_4M66_A,30.5
1120,RIPK3_MOUSE_D0_4M66_B,29.9
1121,MARK3_HUMAN_D0_3FE3_A,29.8
1122,RIPK3_MOUSE_D0_4M69_A,29.8
1123,MARK3_HUMAN_D0_2QNJ_A,29.8
1124,MARK3_HUMAN_D0_2QNJ_B,29.8
1125,MARK3_HUMAN_D0_3FE3_B,29.8
1126,RIPK1_HUMAN_D0_4ITJ_A,29.6
1127,MARK2_RAT_D0_1ZMW_A,29.5
1128,MARK2_RAT_D0_1ZMW_B,29.5
1129,MARK1_HUMAN_D0_2HAK_A,29.4
1130,MARK1_HUMAN_D0_2HAK_B,29.4
1131,MARK2_RAT_D0_2R0I_B,29.4
1132,MARK1_HUMAN_D0_2HAK_C,29.4
1133,MARK1_HUMAN_D0_2HAK_F,29.4
1134,MARK2_RAT_D0_2WZJ_F,29.4
1135,MARK2_RAT_D0_2R0I_A,29.4
1136,MARK1_HUMAN_D0_2HAK_D,29.4
1137,MARK2_HUMAN_D0_3IEC_D,29.4
1138,MARK2_RAT_D0_2WZJ_A,29.4
1139,MARK2_HUMAN_D0_3IEC_A,29.4
1140,MARK2_HUMAN_D0_3IEC_C,29.4
1141,MARK2_RAT_D0_2WZJ_B,29.4
1142,MARK1_HUMAN_D0_2HAK_E,29.4
1143,MARK2_RAT_D0_1ZMU_A,29.4
1144,MARK1_HUMAN_D0_2HAK_G,29.4
1145,MARK2_RAT_D0_2WZJ_C,29.4
1146,MARK2_RAT_D0_2WZJ_D,29.4
1147,CIPKO_ARATH_D0_4D28_D,29.4
1148,RIPK2_HUMAN_D0_4C8B_B,29.4
1149,MARK2_RAT_D0_1ZMU_B,29.4
1150,RIPK2_HUMAN_D0_4C8B_A,29.4
1151,MARK1_HUMAN_D0_2HAK_H,29.4
1152,MARK2_RAT_D0_2WZJ_E,29.4
1153,STK26_HUMAN_D0_3GGF_A,29.1
1154,STK26_HUMAN_D0_4FZF_B,29.1
1155,STK26_HUMAN_D0_4FZA_B,29.1
1156,STK26_HUMAN_D0_4FZD_B,29.1
1157,STK26_HUMAN_D0_3GGF_B,29.1
1158,JAK1_HUMAN_D0_4L01_B,29.0
1159,MARK2_RAT_D0_1ZMV_A,29.0
1160,CIPKO_ARATH_D0_4D28_B,29.0
1161,MARK2_RAT_D0_1ZMV_B,29.0
1162,STK3_HUMAN_D0_4LG4_D,28.9
1163,MARK2_HUMAN_D0_3IEC_B,28.9
1164,MARK2_RAT_D0_1Y8G_B,28.7
1165,MARK2_RAT_D0_1Y8G_A,28.7
1166,IRAK4_HUMAN_D0_2OID_A,28.7
1167,MK08_HUMAN_D0_2GMX_A,28.6
1168,CSK21_YEAST_D0_4LFI_B,28.6
1169,MK08_HUMAN_D0_2H96_B,28.6
1170,MK08_HUMAN_D0_2NO3_B,28.6
1171,CSK21_YEAST_D0_4MWH_A,28.6
1172,MK08_HUMAN_D0_2G01_A,28.6
1173,BMPR2_HUMAN_D0_3G2F_B,28.6
1174,CSK21_YEAST_D0_4FI1_A,28.6
1175,MK08_HUMAN_D0_2H96_A,28.6
1176,KAPA_YEAST_D0_1FOT_A,28.6
1177,CSK21_YEAST_D0_4JQE_A,28.6
1178,MK08_HUMAN_D0_2GMX_B,28.6
1179,BMPR2_HUMAN_D0_3G2F_A,28.6
1180,MK08_HUMAN_D0_2G01_B,28.6
1181,CSK21_YEAST_D0_4LFI_A,28.6
1182,MK08_HUMAN_D0_2NO3_A,28.6
1183,CSK21_YEAST_D0_4JR7_A,28.6
1184,BRI1_ARATH_D0_4OA6_A,28.5
1185,M3K5_HUMAN_D0_4BF2_A,28.5
1186,BRI1_ARATH_D0_4OAB_A,28.5
1187,CIPKO_ARATH_D0_4D28_C,28.4
1188,STK24_HUMAN_D0_3A7G_B,28.3
1189,STK24_HUMAN_D0_3A7H_B,28.3
1190,STK24_HUMAN_D0_3A7H_A,28.3
1191,STK25_HUMAN_D0_2XIK_A,28.3
1192,STK24_HUMAN_D0_3ZHP_D,28.3
1193,STK24_HUMAN_D0_3ZHP_C,28.3
1194,STK24_HUMAN_D0_3CKW_A,28.3
1195,STK24_HUMAN_D0_3A7I_A,28.3
1196,STK24_HUMAN_D0_3A7J_A,28.3
1197,STK24_HUMAN_D0_3A7G_A,28.3
1198,RIPK1_HUMAN_D0_4ITH_A,28.2
1199,SNF1_SCHPO_D0_3H4J_B,28.2
1200,STK4_HUMAN_D0_3COM_B,28.2
1201,RIPK1_HUMAN_D0_4NEU_A,28.2
1202,STK3_HUMAN_D0_4LG4_C,28.2
1203,SNF1_SCHPO_D0_3H4J_A,28.2
1204,MK01_RAT_D0_2ERK_A,28.2
1205,STK24_HUMAN_D0_3CKX_A,28.2
1206,MK03_HUMAN_D0_4QTB_A,28.2
1207,RIPK1_HUMAN_D0_4ITI_A,28.2
1208,MK01_RAT_D0_3ZUV_C,28.2
1209,STK3_HUMAN_D0_4LG4_E,28.2
1210,MK03_HUMAN_D0_2ZOQ_A,28.2
1211,RIPK1_HUMAN_D0_4ITI_B,28.2
1212,ACVR1_HUMAN_D0_3MTF_A,28.2
1213,STK3_HUMAN_D0_4LGD_A,28.2
1214,STK3_HUMAN_D0_4LG4_B,28.2
1215,MK03_HUMAN_D0_2ZOQ_B,28.2
1216,ACVR1_HUMAN_D0_3Q4U_B,28.2
1217,STK3_HUMAN_D0_4LG4_F,28.2
1218,ACVR1_HUMAN_D0_4BGG_A,28.2
1219,STK3_HUMAN_D0_4LGD_C,28.2
1220,STK4_HUMAN_D0_3COM_A,28.2
1221,MK01_RAT_D0_3ZUV_A,28.2
1222,STK3_HUMAN_D0_4LG4_A,28.2
1223,STK3_HUMAN_D0_4LGD_D,28.2
1224,STK3_HUMAN_D0_4LGD_B,28.2
1225,MK03_HUMAN_D0_4QTB_B,28.2
1226,IRAK4_HUMAN_D0_2OIC_A,28.1
1227,M3K5_HUMAN_D0_4BIB_A,28.1
1228,M3K5_HUMAN_D0_4BID_A,28.1
1229,RIPK1_HUMAN_D0_4ITJ_B,28.0
1230,BRI1_ARATH_D0_4OA2_A,28.0
1231,BRI1_ARATH_D0_4Q5J_B,28.0
1232,BRI1_ARATH_D0_4Q5J_A,28.0
1233,BRI1_ARATH_D0_4OAC_A,28.0
1234,BRI1_ARATH_D0_4OA9_A,28.0
1235,CHK1_HUMAN_D0_3OT8_A,28.0
1236,BRI1_ARATH_D0_4OH4_B,28.0
1237,CHK1_HUMAN_D0_4JIK_A,27.9
1238,IRAK4_HUMAN_D0_2NRU_A,27.9
1239,STK24_HUMAN_D0_3A7F_A,27.9
1240,ACVR1_HUMAN_D0_3Q4U_D,27.9
1241,IRAK4_HUMAN_D0_4U9A_B,27.9
1242,IRAK4_HUMAN_D0_2NRY_A,27.9
1243,IRAK4_HUMAN_D0_2NRU_D,27.9
1244,ACVR1_HUMAN_D0_3Q4U_A,27.9
1245,ACVR1_HUMAN_D0_4C02_A,27.9
1246,IRAK4_HUMAN_D0_2NRU_C,27.9
1247,ACVR1_HUMAN_D0_4DYM_A,27.9
1248,RIPK1_HUMAN_D0_4ITH_B,27.9
1249,RAD53_YEAST_D0_4PDS_A,27.9
1250,IRAK4_HUMAN_D0_2OID_D,27.9
1251,MELK_HUMAN_D0_4D2P_C,27.9
1252,CDKL2_HUMAN_D0_4AAA_A,27.9
1253,RAD53_YEAST_D0_4PDS_B,27.9
1254,MK08_HUMAN_D0_4QTD_A,27.9
1255,MK08_HUMAN_D0_3ELJ_A,27.9
1256,BRI1_ARATH_D0_4OH4_A,27.9
1257,IRAK4_HUMAN_D0_4U97_B,27.9
1258,MK08_HUMAN_D0_1UKI_A,27.9
1259,CHK1_HUMAN_D0_3PA5_A,27.9
1260,MK01_HUMAN_D0_4IZA_A,27.9
1261,RAD53_YEAST_D0_4PDP_A,27.9
1262,MK08_HUMAN_D0_3V3V_A,27.9
1263,ACVR1_HUMAN_D0_3H9R_A,27.9
1264,IRAK4_HUMAN_D0_4U97_A,27.9
1265,MK08_HUMAN_D0_4L7F_A,27.9
1266,IRAK4_HUMAN_D0_2NRY_B,27.9
1267,MK08_HUMAN_D0_3PZE_A,27.9
1268,RAD53_YEAST_D0_4PDP_B,27.9
1269,IRAK4_HUMAN_D0_4U9A_A,27.9
1270,MK08_HUMAN_D0_4AWI_A,27.9
1271,IRAK4_HUMAN_D0_2NRY_C,27.9
1272,ACVR1_HUMAN_D0_3MTF_B,27.9
1273,ACVR1_HUMAN_D0_3Q4U_C,27.9
1274,ACVR1_HUMAN_D0_3OOM_A,27.9
1275,IRAK4_HUMAN_D0_2NRU_B,27.9
1276,M3K5_HUMAN_D0_4BIE_A,27.8
1277,M3K5_HUMAN_D0_2CLQ_A,27.8
1278,M3K5_HUMAN_D0_3VW6_B,27.8
1279,M3K5_HUMAN_D0_4BHN_B,27.8
1280,M3K5_HUMAN_D0_3VW6_A,27.8
1281,MELK_HUMAN_D0_4D2P_A,27.8
1282,M3K5_HUMAN_D0_4BIB_B,27.8
1283,MELK_HUMAN_D0_4UMP_A,27.8
1284,IRAK4_HUMAN_D0_2OIB_A,27.8
1285,M3K5_HUMAN_D0_4BID_B,27.8
1286,M3K5_HUMAN_D0_4BHN_A,27.8
1287,M3K5_HUMAN_D0_2CLQ_B,27.8
1288,M3K5_HUMAN_D0_4BF2_B,27.8
1289,M3K5_HUMAN_D0_4BIC_B,27.8
1290,IRAK4_HUMAN_D0_2OID_B,27.8
1291,M3K5_HUMAN_D0_4BIC_A,27.8
1292,CHK1_HUMAN_D0_4FSN_A,27.7
1293,ILK_HUMAN_D0_3KMW_A,27.6
1294,IRAK4_HUMAN_D0_2NRY_D,27.6
1295,IRAK4_HUMAN_D0_2OID_C,27.6
1296,CDKL5_HUMAN_D0_4BGQ_A,27.5
1297,IRAK4_HUMAN_D0_2OIB_B,27.5
1298,TGFR1_HUMAN_D0_3FAA_D,27.5
1299,MK08_HUMAN_D0_4HYS_A,27.5
1300,MK08_HUMAN_D0_2XRW_A,27.5
1301,TGFR1_HUMAN_D0_3FAA_E,27.5
1302,MK01_RAT_D0_4QYY_A,27.5
1303,MK01_RAT_D0_2FYS_B,27.5
1304,MK01_HUMAN_D0_4FUY_A,27.5
1305,TGFR1_HUMAN_D0_3KCF_C,27.5
1306,TGFR1_HUMAN_D0_3GXL_A,27.5
1307,TGFR1_HUMAN_D0_2WOU_A,27.5
1308,MK01_RAT_D0_2FYS_A,27.5
1309,MK01_RAT_D0_3ZU7_A,27.5
1310,TGFR1_HUMAN_D0_1PY5_A,27.5
1311,MK01_RAT_D0_4N4S_B,27.5
1312,MK01_RAT_D0_4GVA_A,27.5
1313,TGFR1_HUMAN_D0_2X7O_C,27.5
1314,TGFR1_HUMAN_D0_3KCF_A,27.5
1315,TGFR1_HUMAN_D0_1IAS_A,27.5
1316,MK01_RAT_D0_2Z7L_A,27.5
1317,TGFR1_HUMAN_D0_1B6C_H,27.5
1318,ROCK2_BOVIN_D0_2F2U_A,27.5
1319,TGFR1_HUMAN_D0_3FAA_C,27.5
1320,TGFR1_HUMAN_D0_3FAA_B,27.5
1321,TGFR1_HUMAN_D0_1B6C_F,27.5
1322,MK01_RAT_D0_3O71_A,27.5
1323,MK01_RAT_D0_3QYZ_A,27.5
1324,TGFR1_HUMAN_D0_1IAS_B,27.5
1325,TGFR1_HUMAN_D0_3KCF_D,27.5
1326,TGFR1_HUMAN_D0_2X7O_B,27.5
1327,MK08_HUMAN_D0_2XS0_A,27.5
1328,MK08_HUMAN_D0_1UKH_A,27.5
1329,MK08_HUMAN_D0_4E73_A,27.5
1330,TGFR1_HUMAN_D0_3KCF_E,27.5
1331,TGFR1_HUMAN_D0_1IAS_C,27.5
1332,MK01_RAT_D0_4N4S_A,27.5
1333,MK08_HUMAN_D0_4HYU_A,27.5
1334,MK08_HUMAN_D0_4G1W_A,27.5
1335,IRE1_YEAST_D0_2RIO_A,27.5
1336,ROCK2_BOVIN_D0_2F2U_B,27.5
1337,MK06_HUMAN_D0_2I6L_A,27.5
1338,ROCK2_BOVIN_D0_2H9V_A,27.5
1339,MK08_HUMAN_D0_4IZY_A,27.5
1340,MK01_RAT_D0_3QYW_A,27.5
1341,TGFR1_HUMAN_D0_1RW8_A,27.5
1342,TGFR1_HUMAN_D0_3FAA_A,27.5
1343,TGFR1_HUMAN_D0_1IAS_D,27.5
1344,TGFR1_HUMAN_D0_2X7O_E,27.5
1345,MK01_RAT_D0_4GT3_A,27.5
1346,MK01_RAT_D0_3C9W_B,27.5
1347,MK01_RAT_D0_3C9W_A,27.5
1348,TGFR1_HUMAN_D0_3HMM_A,27.5
1349,MK01_RAT_D0_3QYI_A,27.5
1350,MK01_RAT_D0_1GOL_A,27.5
1351,TGFR1_HUMAN_D0_1VJY_A,27.5
1352,TGFR1_HUMAN_D0_3TZM_A,27.5
1353,MK01_RAT_D0_2GPH_A,27.5
1354,TGFR1_HUMAN_D0_1B6C_D,27.5
1355,MK01_RAT_D0_3R63_A,27.5
1356,TGFR1_HUMAN_D0_1IAS_E,27.5
1357,IRE1_YEAST_D0_2RIO_B,27.5
1358,TGFR1_HUMAN_D0_2X7O_D,27.5
1359,TGFR1_HUMAN_D0_2WOT_A,27.5
1360,TGFR1_HUMAN_D0_1B6C_B,27.5
1361,MK01_RAT_D0_4ERK_A,27.5
1362,MK01_RAT_D0_4I5H_A,27.5
1363,MK01_RAT_D0_3ERK_A,27.5
1364,TGFR1_HUMAN_D0_2X7O_A,27.5
1365,MK01_RAT_D0_1ERK_A,27.5
1366,TGFR1_HUMAN_D0_3KCF_B,27.5
1367,SNF1_YEAST_D0_2FH9_A,27.4
1368,SNF1_YEAST_D0_3DAE_B,27.4
1369,MELK_HUMAN_D0_4D2V_A,27.4
1370,SNF1_YEAST_D0_3MN3_A,27.4
1371,IRAK4_HUMAN_D0_2OIB_D,27.4
1372,SNF1_YEAST_D0_3DAE_A,27.4
1373,SNF1_YEAST_D0_3HYH_A,27.4
1374,ILK_HUMAN_D0_3REP_A,27.4
1375,SNF1_YEAST_D0_3HYH_B,27.4
1376,MELK_HUMAN_D0_4D2T_A,27.4
1377,RIO2_ARCFU_D0_1TQM_A,27.3
1378,MELK_HUMAN_D0_4D2T_C,27.3
1379,IRAK4_HUMAN_D0_2OIB_C,27.3
1380,RIO2_ARCFU_D0_1TQI_A,27.3
1381,MELK_HUMAN_D0_4D2W_C,27.3
1382,RIO2_ARCFU_D0_1ZAR_A,27.3
1383,RIO2_ARCFU_D0_1ZAO_A,27.3
1384,MELK_HUMAN_D0_4D2W_A,27.2
1385,CHK1_HUMAN_D0_4FSY_A,27.2
1386,IRAK4_HUMAN_D0_2OIC_D,27.2
1387,MK01_HUMAN_D0_4IZ5_D,27.1
1388,MK08_HUMAN_D0_3O17_A,27.1
1389,MK01_HUMAN_D0_4FUX_A,27.1
1390,ROCK2_HUMAN_D0_4L6Q_B,27.1
1391,M4K4_HUMAN_D0_4OBQ_A,27.1
1392,M4K4_HUMAN_D0_4OBP_B,27.1
1393,MK01_HUMAN_D0_4NIF_B,27.1
1394,M4K4_HUMAN_D0_4U45_B,27.1
1395,MK01_HUMAN_D0_2OJI_A,27.1
1396,NEK2_HUMAN_D0_4AFE_A,27.1
1397,MK01_HUMAN_D0_4IZA_C,27.1
1398,MK01_RAT_D0_4GSB_A,27.1
1399,NEK2_HUMAN_D0_2XK7_A,27.1
1400,MK01_HUMAN_D0_4N0S_A,27.1
1401,MK01_HUMAN_D0_4IZ7_C,27.1
1402,NEK2_HUMAN_D0_2W5A_A,27.1
1403,NEK2_HUMAN_D0_2XK8_A,27.1
1404,NEK2_HUMAN_D0_2XKF_A,27.1
1405,MK01_HUMAN_D0_4QTE_A,27.1
1406,MK01_HUMAN_D0_2OJJ_A,27.1
1407,NEK2_HUMAN_D0_2XK3_A,27.1
1408,MK01_HUMAN_D0_4FV3_A,27.1
1409,M4K4_HUMAN_D0_4OBQ_B,27.1
1410,CDKL2_HUMAN_D0_4BBM_A,27.1
1411,NEK2_HUMAN_D0_2XK4_A,27.1
1412,MK01_HUMAN_D0_4FV5_A,27.1
1413,MK01_HUMAN_D0_4G6N_A,27.1
1414,JAK2_HUMAN_D0_4FVR_A,27.1
1415,JAK2_HUMAN_D0_4FVQ_A,27.1
1416,NEK2_HUMAN_D0_2JAV_A,27.1
1417,NEK2_HUMAN_D0_2XKC_A,27.1
1418,NEK2_HUMAN_D0_4A4X_A,27.1
1419,MK01_HUMAN_D0_4H3Q_A,27.1
1420,NEK2_HUMAN_D0_2W5H_A,27.1
1421,JAK2_HUMAN_D0_4FVP_A,27.1
1422,MK08_HUMAN_D0_3O2M_A,27.1
1423,MK01_HUMAN_D0_3I60_A,27.1
1424,MK01_HUMAN_D0_3TEI_A,27.1
1425,NEK2_HUMAN_D0_2XNP_A,27.1
1426,MK01_HUMAN_D0_4H3P_A,27.1
1427,M4K4_HUMAN_D0_4U43_B,27.1
1428,ROCK2_HUMAN_D0_4L6Q_A,27.1
1429,MK01_HUMAN_D0_4FV1_A,27.1
1430,MK01_HUMAN_D0_3I5Z_A,27.1
1431,MK01_HUMAN_D0_4IZ7_A,27.1
1432,M4K4_HUMAN_D0_4U45_A,27.1
1433,MK01_HUMAN_D0_4IZ5_B,27.1
1434,MK01_HUMAN_D0_4FV8_A,27.1
1435,MK01_HUMAN_D0_4H3P_D,27.1
1436,NEK2_HUMAN_D0_2XKE_A,27.1
1437,MK01_HUMAN_D0_1TVO_A,27.1
1438,NEK2_HUMAN_D0_2XNM_A,27.1
1439,M4K4_HUMAN_D0_4U43_A,27.1
1440,MK01_HUMAN_D0_4G6O_A,27.1
1441,MK01_HUMAN_D0_4QTA_A,27.1
1442,MK01_HUMAN_D0_4O6E_A,27.1
1443,NEK2_HUMAN_D0_2XNO_A,27.1
1444,MK01_HUMAN_D0_4NIF_E,27.1
1445,MK01_HUMAN_D0_2OJG_A,27.1
1446,NEK2_HUMAN_D0_2XKD_A,27.1
1447,MK08_HUMAN_D0_3O2M_B,27.1
1448,MK01_HUMAN_D0_3SA0_A,27.1
1449,MK08_HUMAN_D0_3O17_B,27.1
1450,M4K4_HUMAN_D0_4U44_A,27.1
1451,MK01_HUMAN_D0_4FV9_A,27.1
1452,MK01_HUMAN_D0_4FV6_A,27.1
1453,MK01_HUMAN_D0_4IZ5_C,27.1
1454,MK01_HUMAN_D0_2Y9Q_A,27.1
1455,M4K4_HUMAN_D0_4OBP_A,27.1
1456,MK01_HUMAN_D0_4FV0_A,27.1
1457,MK01_HUMAN_D0_4FV4_A,27.1
1458,MK01_HUMAN_D0_4IZ5_A,27.1
1459,MK01_HUMAN_D0_4FV7_A,27.1
1460,MK01_HUMAN_D0_3W55_A,27.1
1461,MK01_HUMAN_D0_4FMQ_A,27.1
1462,MK10_HUMAN_D0_3KVX_A,27.1
1463,NEK2_HUMAN_D0_2XNN_A,27.1
1464,M4K4_HUMAN_D0_4U44_B,27.1
1465,MK01_HUMAN_D0_1WZY_A,27.1
1466,M4K4_HUMAN_D0_4OBO_B,27.1
1467,MK08_HUMAN_D0_3VUD_A,27.1
1468,NEK2_HUMAN_D0_2XK6_A,27.1
1469,NEK2_HUMAN_D0_2WQO_A,27.1
1470,MK01_HUMAN_D0_4FV2_A,27.1
1471,NEK2_HUMAN_D0_2W5B_A,27.1
1472,M4K4_HUMAN_D0_4OBO_A,27.1
1473,IRAK4_HUMAN_D0_2OIC_C,27.0
1474,MELK_HUMAN_D0_4UMR_A,27.0
1475,MELK_HUMAN_D0_4D2V_C,27.0
1476,MELK_HUMAN_D0_4UMT_A,27.0
1477,MELK_HUMAN_D0_4UMU_A,27.0
1478,MELK_HUMAN_D0_4UMQ_A,27.0
1479,IRE1_YEAST_D0_3LJ1_B,26.9
1480,IRE1_YEAST_D0_3LJ2_B,26.9
1481,IRE1_YEAST_D0_3LJ0_B,26.9
1482,IRE1_YEAST_D0_3LJ1_A,26.9
1483,IRE1_YEAST_D0_3LJ0_A,26.9
1484,IRE1_YEAST_D0_3LJ2_A,26.9
1485,IRAK4_HUMAN_D0_2OIC_B,26.9
1486,MP2K1_HUMAN_D0_4AN2_A,26.9
1487,MP2K1_HUMAN_D0_4ANB_A,26.9
1488,MP2K1_HUMAN_D0_3OS3_A,26.9
1489,MP2K1_HUMAN_D0_3ORN_A,26.8
1490,MELK_HUMAN_D0_4D2T_D,26.8
1491,MP2K7_HUMAN_D0_2DYL_A,26.8
1492,ROCK1_HUMAN_D0_3NCZ_C,26.8
1493,MELK_HUMAN_D0_4D2V_D,26.8
1494,MK07_HUMAN_D0_4B99_A,26.7
1495,MK07_HUMAN_D0_4IC8_A,26.7
1496,IRE1_YEAST_D0_3SDJ_N,26.7
1497,IRE1_YEAST_D0_3FBV_J,26.7
1498,IRE1_YEAST_D0_3SDJ_J,26.7
1499,IRE1_YEAST_D0_3FBV_D,26.7
1500,IRE1_YEAST_D0_3SDJ_G,26.7
1501,IRE1_YEAST_D0_3FBV_H,26.7
1502,IRE1_YEAST_D0_3SDJ_I,26.7
1503,ACVL1_HUMAN_D0_3MY0_R,26.7
1504,ACVL1_HUMAN_D0_3MY0_T,26.7
1505,FUS3_YEAST_D0_2F9G_A,26.7
1506,IRE1_YEAST_D0_3SDM_E,26.7
1507,IRE1_YEAST_D0_3SDJ_B,26.7
1508,ACVL1_HUMAN_D0_3MY0_K,26.7
1509,IRE1_YEAST_D0_3SDJ_F,26.7
1510,IRE1_YEAST_D0_3SDM_B,26.7
1511,ACVL1_HUMAN_D0_3MY0_Q,26.7
1512,IRE1_YEAST_D0_3FBV_G,26.7
1513,IRE1_YEAST_D0_3FBV_A,26.7
1514,ACVL1_HUMAN_D0_3MY0_V,26.7
1515,ACVL1_HUMAN_D0_3MY0_L,26.7
1516,ACVL1_HUMAN_D0_3MY0_M,26.7
1517,IRE1_YEAST_D0_3FBV_M,26.7
1518,ACVL1_HUMAN_D0_3MY0_P,26.7
1519,PIM2_HUMAN_D0_2IWI_A,26.7
1520,MP2K1_RABIT_D0_2Y4I_C,26.7
1521,IRE1_YEAST_D0_3SDM_C,26.7
1522,MELK_HUMAN_D0_4UMP_C,26.7
1523,IRE1_YEAST_D0_3SDM_A,26.7
1524,ACVL1_HUMAN_D0_3MY0_H,26.7
1525,IRE1_YEAST_D0_3SDM_F,26.7
1526,IRE1_YEAST_D0_3FBV_I,26.7
1527,ACVL1_HUMAN_D0_3MY0_I,26.7
1528,ACVL1_HUMAN_D0_3MY0_A,26.7
1529,IRE1_YEAST_D0_3FBV_B,26.7
1530,IRE1_YEAST_D0_3SDM_G,26.7
1531,ACVL1_HUMAN_D0_3MY0_E,26.7
1532,FUS3_YEAST_D0_2B9F_A,26.7
1533,MK07_HUMAN_D0_4IC8_B,26.7
1534,MP2K1_HUMAN_D0_4AN3_A,26.7
1535,IRE1_YEAST_D0_3SDJ_L,26.7
1536,IRE1_YEAST_D0_3FBV_L,26.7
1537,MELK_HUMAN_D0_4D2P_D,26.7
1538,IRE1_YEAST_D0_3SDJ_C,26.7
1539,ACVL1_HUMAN_D0_3MY0_N,26.7
1540,MELK_HUMAN_D0_4UMP_D,26.7
1541,MK07_HUMAN_D0_4IC7_A,26.7
1542,IRE1_YEAST_D0_3FBV_K,26.7
1543,IRE1_YEAST_D0_3SDM_D,26.7
1544,ACVL1_HUMAN_D0_3MY0_J,26.7
1545,ACVL1_HUMAN_D0_3MY0_C,26.7
1546,IRE1_YEAST_D0_3FBV_N,26.7
1547,ACVL1_HUMAN_D0_3MY0_B,26.7
1548,ACVL1_HUMAN_D0_3MY0_F,26.7
1549,IRE1_YEAST_D0_3FBV_C,26.7
1550,IRE1_YEAST_D0_3FBV_F,26.7
1551,IRE1_YEAST_D0_3SDJ_A,26.7
1552,MK07_HUMAN_D0_4IC7_D,26.7
1553,IRE1_YEAST_D0_3SDJ_E,26.7
1554,MELK_HUMAN_D0_4D2W_D,26.7
1555,IRE1_YEAST_D0_3SDJ_M,26.7
1556,IRE1_YEAST_D0_3SDJ_K,26.7
1557,PIM2_HUMAN_D0_2IWI_B,26.7
1558,ACVL1_HUMAN_D0_3MY0_S,26.7
1559,IRE1_YEAST_D0_3FBV_E,26.7
1560,IRE1_YEAST_D0_3SDJ_H,26.7
1561,ACVL1_HUMAN_D0_3MY0_G,26.7
1562,ACVL1_HUMAN_D0_3MY0_W,26.7
1563,IRE1_YEAST_D0_3SDJ_D,26.7
1564,ACVL1_HUMAN_D0_3MY0_U,26.7
1565,MP2K1_HUMAN_D0_4AN9_A,26.6
1566,CHK1_HUMAN_D0_2E9V_A,26.5
1567,AURKA_HUMAN_D0_2WTV_C,26.5
1568,CHK1_HUMAN_D0_2BRM_A,26.5
1569,CHK1_HUMAN_D0_1NVR_A,26.5
1570,CHK1_HUMAN_D0_2CGW_A,26.5
1571,CHK1_HUMAN_D0_3U9N_A,26.5
1572,AAPK1_RAT_D0_4CFH_A,26.5
1573,CHK1_HUMAN_D0_2CGX_A,26.5
1574,CHK1_HUMAN_D0_2YM6_A,26.5
1575,CHK1_HUMAN_D0_2YDJ_B,26.5
1576,CHK1_HUMAN_D0_2XF0_A,26.5
1577,CHK1_HUMAN_D0_2WMW_A,26.5
1578,CHK1_HUMAN_D0_2GDO_A,26.5
1579,CHK1_HUMAN_D0_4GH2_A,26.5
1580,CHK1_HUMAN_D0_2CGV_A,26.5
1581,CHK1_HUMAN_D0_2X8I_A,26.5
1582,CHK1_HUMAN_D0_2GHG_A,26.5
1583,CHK1_HUMAN_D0_4FT5_A,26.5
1584,CHK1_HUMAN_D0_2BR1_A,26.5
1585,CHK1_HUMAN_D0_3OT3_A,26.5
1586,CHK1_HUMAN_D0_2E9U_A,26.5
1587,CHK1_HUMAN_D0_4FTQ_A,26.5
1588,CHK1_HUMAN_D0_4FTL_A,26.5
1589,CHK1_HUMAN_D0_2YDI_A,26.5
1590,CHK1_HUMAN_D0_2WMS_A,26.5
1591,CHK1_HUMAN_D0_4FT3_A,26.5
1592,CHK1_HUMAN_D0_4FSR_A,26.5
1593,CHK1_HUMAN_D0_2WMQ_A,26.5
1594,CHK1_HUMAN_D0_2AYP_A,26.5
1595,CHK1_HUMAN_D0_3JVS_A,26.5
1596,CHK1_HUMAN_D0_2YM8_A,26.5
1597,CHK1_HUMAN_D0_4FTU_A,26.5
1598,CHK1_HUMAN_D0_2X8D_A,26.5
1599,CHK1_HUMAN_D0_2WMV_A,26.5
1600,CHK1_HUMAN_D0_2C3K_A,26.5
1601,CHK1_HUMAN_D0_2E9O_A,26.5
1602,CHK1_HUMAN_D0_4FSM_A,26.5
1603,KS6A3_HUMAN_D1_4D9T_A,26.5
1604,CHK1_HUMAN_D0_4FTC_A,26.5
1605,CHK1_HUMAN_D0_4FTK_A,26.5
1606,CHK1_HUMAN_D0_3F9N_A,26.5
1607,AURKA_HUMAN_D0_2WTV_D,26.5
1608,CHK1_HUMAN_D0_2C3J_A,26.5
1609,CHK1_HUMAN_D0_4FST_A,26.5
1610,CHK1_HUMAN_D0_2HXL_A,26.5
1611,CHK1_HUMAN_D0_1ZYS_A,26.5
1612,CHK1_HUMAN_D0_4FTJ_A,26.5
1613,CHK1_HUMAN_D0_2BRN_A,26.5
1614,CHK1_HUMAN_D0_2XEZ_A,26.5
1615,CHK1_HUMAN_D0_2YM5_A,26.5
1616,CHK1_HUMAN_D0_2HOG_A,26.5
1617,CHK1_HUMAN_D0_2YDJ_A,26.5
1618,CHK1_HUMAN_D0_1ZLT_A,26.5
1619,CHK1_HUMAN_D0_4FT0_A,26.5
1620,CHK1_HUMAN_D0_4FTR_A,26.5
1621,CHK1_HUMAN_D0_2QHM_A,26.5
1622,CHK1_HUMAN_D0_4HYH_A,26.5
1623,CHK1_HUMAN_D0_4FT7_A,26.5
1624,CHK1_HUMAN_D0_4FTA_A,26.5
1625,CHK1_HUMAN_D0_2YM4_A,26.5
1626,CHK1_HUMAN_D0_3TKH_A,26.5
1627,CHK1_HUMAN_D0_2WMX_A,26.5
1628,CHK1_HUMAN_D0_2YDK_A,26.5
1629,CHK1_HUMAN_D0_3PA3_A,26.5
1630,CHK1_HUMAN_D0_3JVR_A,26.5
1631,CHK1_HUMAN_D0_4FSU_A,26.5
1632,CHK1_HUMAN_D0_2E9V_B,26.5
1633,CHK1_HUMAN_D0_1IA8_A,26.5
1634,CHK1_HUMAN_D0_2X8E_A,26.5
1635,CHK1_HUMAN_D0_4FTT_A,26.5
1636,CHK1_HUMAN_D0_2WMR_A,26.5
1637,CHK1_HUMAN_D0_2BRB_A,26.5
1638,CHK1_HUMAN_D0_2YM7_A,26.5
1639,AURKA_HUMAN_D0_4J8M_A,26.5
1640,AURKA_HUMAN_D0_2WTV_B,26.5
1641,CHK1_HUMAN_D0_2CGU_A,26.5
1642,CHK1_HUMAN_D0_3PA4_A,26.5
1643,CHK1_HUMAN_D0_2BRO_A,26.5
1644,CHK1_HUMAN_D0_2XEY_A,26.5
1645,CHK1_HUMAN_D0_1NVS_A,26.5
1646,CHK1_HUMAN_D0_2QHN_A,26.5
1647,CHK1_HUMAN_D0_2WMT_A,26.5
1648,CHK1_HUMAN_D0_2BRH_A,26.5
1649,CHK1_HUMAN_D0_2YER_A,26.5
1650,CHK1_HUMAN_D0_4FT9_A,26.5
1651,CHK1_HUMAN_D0_4FSW_A,26.5
1652,KCC1G_HUMAN_D0_2JAM_A,26.5
1653,CHK1_HUMAN_D0_4FSQ_A,26.5
1654,CHK1_HUMAN_D0_2E9N_A,26.5
1655,KCC1G_HUMAN_D0_2JAM_B,26.5
1656,CHK1_HUMAN_D0_4FTI_A,26.5
1657,CHK1_HUMAN_D0_4HYI_A,26.5
1658,CHK1_HUMAN_D0_2C3L_A,26.5
1659,CHK1_HUMAN_D0_2BRG_A,26.5
1660,CHK1_HUMAN_D0_4FTN_A,26.5
1661,CHK1_HUMAN_D0_2HXQ_A,26.5
1662,CHK1_HUMAN_D0_3NLB_A,26.5
1663,CHK1_HUMAN_D0_4FTO_A,26.5
1664,CHK1_HUMAN_D0_2WMU_A,26.5
1665,CHK1_HUMAN_D0_2HY0_A,26.5
1666,CHK1_HUMAN_D0_2YEX_A,26.5
1667,CHK1_HUMAN_D0_4FTM_A,26.5
1668,AURKA_HUMAN_D0_2WTV_A,26.5
1669,CHK1_HUMAN_D0_2R0U_A,26.5
1670,CHK1_HUMAN_D0_2E9P_A,26.5
1671,CHK1_HUMAN_D0_4FSZ_A,26.5
1672,CHK1_HUMAN_D0_2YM3_A,26.5
1673,CHK1_HUMAN_D0_1NVQ_A,26.5
1674,CHK1_HUMAN_D0_3TKI_A,26.5
1675,CHK1_HUMAN_D0_2YWP_A,26.5
1676,KS6A1_HUMAN_D1_2WNT_A,26.4
1677,KS6A3_HUMAN_D1_4JG8_A,26.4
1678,KS6A3_HUMAN_D1_4JG6_A,26.4
1679,KS6A3_HUMAN_D1_4D9U_A,26.4
1680,KS6A3_MOUSE_D1_2QR7_A,26.4
1681,KS6A3_MOUSE_D1_4MAO_A,26.4
1682,PLK4_HUMAN_D0_3COK_A,26.4
1683,TAOK2_RAT_D0_2GCD_B,26.4
1684,SGK1_HUMAN_D0_3HDN_A,26.4
1685,TAOK2_RAT_D0_1U5R_A,26.4
1686,KS6A1_HUMAN_D1_2WNT_B,26.4
1687,KS6A3_HUMAN_D1_4JG7_A,26.4
1688,KS6A1_HUMAN_D1_3RNY_A,26.4
1689,KS6A3_MOUSE_D1_4M8T_A,26.4
1690,SGK1_HUMAN_D0_2R5T_A,26.4
1691,PMYT1_HUMAN_D0_3P1A_A,26.4
1692,PLK4_HUMAN_D0_4JXF_A,26.4
1693,KS6A3_MOUSE_D1_2QR8_A,26.4
1694,TAOK2_RAT_D0_1U5R_B,26.4
1695,SGK1_HUMAN_D0_3HDM_A,26.4
1696,TAOK2_RAT_D0_1U5Q_B,26.4
1697,TAOK2_RAT_D0_1U5Q_A,26.4
1698,TAOK2_RAT_D0_2GCD_A,26.4
1699,ILK_HUMAN_D0_3KMU_A,26.4
1700,KS6A1_HUMAN_D1_4NIF_A,26.4
1701,KS6A1_HUMAN_D1_4NIF_D,26.4
1702,PLK4_HUMAN_D0_3COK_B,26.4
1703,AURKA_HUMAN_D0_2BMC_F,26.3
1704,ROCK1_HUMAN_D0_3TWJ_D,26.3
1705,AURKA_HUMAN_D0_2XRU_A,26.3
1706,AURKA_HUMAN_D0_4J8N_A,26.3
1707,AURKA_HUMAN_D0_4JBQ_A,26.3
1708,OXSR1_HUMAN_D0_2VWI_D,26.3
1709,AURKA_HUMAN_D0_3W2C_C,26.3
1710,AURKA_HUMAN_D0_4BN1_A,26.3
1711,AURKA_HUMAN_D0_4B0G_A,26.3
1712,ROCK1_HUMAN_D0_3NDM_A,26.3
1713,ACVL1_HUMAN_D0_3MY0_D,26.3
1714,MK10_HUMAN_D0_3V6S_A,26.3
1715,MP2K1_HUMAN_D0_3EQD_A,26.3
1716,AURKA_HUMAN_D0_3HA6_A,26.3
1717,MP2K1_HUMAN_D0_3VVH_C,26.3
1718,ROCK1_HUMAN_D0_3TWJ_A,26.3
1719,MP2K1_HUMAN_D0_4MNE_D,26.3
1720,ROCK1_HUMAN_D0_3NCZ_A,26.3
1721,ROCK1_HUMAN_D0_3D9V_B,26.3
1722,AURKA_HUMAN_D0_2C6E_B,26.3
1723,AURKA_HUMAN_D0_3H0Z_B,26.3
1724,FUS3_YEAST_D0_2B9I_A,26.3
1725,MK10_HUMAN_D0_3CGF_A,26.3
1726,AURKA_HUMAN_D0_3UO5_A,26.3
1727,AURKA_HUMAN_D0_2BMC_B,26.3
1728,AURKA_HUMAN_D0_3W10_A,26.3
1729,ROCK1_HUMAN_D0_3TWJ_B,26.3
1730,MP2K1_HUMAN_D0_3ZLS_A,26.3
1731,FUS3_YEAST_D0_2FA2_A,26.3
1732,AURKA_HUMAN_D0_3W2C_G,26.3
1733,MP2K1_HUMAN_D0_3EQB_A,26.3
1734,FUS3_YEAST_D0_2FA2_B,26.3
1735,MK10_HUMAN_D0_2O2U_A,26.3
1736,AURKA_HUMAN_D0_2X6D_A,26.3
1737,MP2K1_HUMAN_D0_3MBL_A,26.3
1738,MK10_HUMAN_D0_2ZDT_A,26.3
1739,MK10_HUMAN_D0_3OXI_A,26.3
1740,AURKA_HUMAN_D0_4J8N_D,26.3
1741,AURKA_HUMAN_D0_4DEE_A,26.3
1742,AURKA_HUMAN_D0_2J4Z_A,26.3
1743,MK10_HUMAN_D0_3FI2_A,26.3
1744,MK10_HUMAN_D0_3CGO_A,26.3
1745,ROCK1_HUMAN_D0_3V8S_C,26.3
1746,AURKA_HUMAN_D0_1OL5_A,26.3
1747,AURKA_HUMAN_D0_3R22_A,26.3
1748,AURKA_HUMAN_D0_3UO4_A,26.3
1749,AURKA_HUMAN_D0_2BMC_A,26.3
1750,FUS3_YEAST_D0_2B9J_A,26.3
1751,OXSR1_HUMAN_D0_3DAK_D,26.3
1752,ROCK1_HUMAN_D0_3D9V_A,26.3
1753,AURKA_HUMAN_D0_3E5A_A,26.3
1754,AURKA_HUMAN_D0_2NP8_A,26.3
1755,AURKA_HUMAN_D0_3UOD_A,26.3
1756,MP2K1_HUMAN_D0_3EQF_A,26.3
1757,MP2K1_HUMAN_D0_3VVH_B,26.3
1758,MK10_HUMAN_D0_3OY1_A,26.3
1759,AURKA_HUMAN_D0_4PRJ_A,26.3
1760,MP2K1_HUMAN_D0_2P55_A,26.3
1761,MP2K1_HUMAN_D0_3ZM4_A,26.3
1762,ROCK1_HUMAN_D0_3NCZ_D,26.3
1763,ROCK1_HUMAN_D0_2ESM_B,26.3
1764,AURKA_HUMAN_D0_2W1G_A,26.3
1765,AURKA_HUMAN_D0_2W1C_A,26.3
1766,MK10_HUMAN_D0_1PMN_A,26.3
1767,MK10_HUMAN_D0_2OK1_A,26.3
1768,AURKA_HUMAN_D0_3EFW_A,26.3
1769,AURKA_HUMAN_D0_2XNG_A,26.3
1770,MK10_HUMAN_D0_4H39_A,26.3
1771,MP2K1_HUMAN_D0_3V04_A,26.3
1772,MP2K1_HUMAN_D0_4ARK_A,26.3
1773,MK10_HUMAN_D0_2P33_A,26.3
1774,MP2K1_HUMAN_D0_4MNE_H,26.3
1775,MK10_HUMAN_D0_2WAJ_A,26.3
1776,MP2K1_HUMAN_D0_3DV3_A,26.3
1777,MK10_HUMAN_D0_4KKH_A,26.3
1778,AURKA_HUMAN_D0_3LAU_A,26.3
1779,MK10_HUMAN_D0_3RTP_A,26.3
1780,AURKA_HUMAN_D0_2J50_B,26.3
1781,MP2K1_HUMAN_D0_3EQH_A,26.3
1782,ROCK1_HUMAN_D0_3NDM_C,26.3
1783,AURKA_HUMAN_D0_4JBO_A,26.3
1784,MK10_HUMAN_D0_3FI3_A,26.3
1785,MP2K1_HUMAN_D0_3VVH_A,26.3
1786,AURKA_HUMAN_D0_3K5U_A,26.3
1787,AURKA_HUMAN_D0_3UNZ_A,26.3
1788,AURKA_HUMAN_D0_3UO6_B,26.3
1789,AURKA_HUMAN_D0_4JAJ_A,26.3
1790,AURKA_HUMAN_D0_3UP7_A,26.3
1791,AURKA_HUMAN_D0_2J4Z_B,26.3
1792,AURKA_HUMAN_D0_2XNE_A,26.3
1793,ROCK1_HUMAN_D0_2ETK_A,26.3
1794,AURKA_HUMAN_D0_2X6E_A,26.3
1795,AURKA_HUMAN_D0_3W16_A,26.3
1796,MP2K1_HUMAN_D0_3PP1_A,26.3
1797,ROCK1_HUMAN_D0_2ETR_A,26.3
1798,FUS3_YEAST_D0_2B9H_A,26.3
1799,AURKA_HUMAN_D0_4DHF_A,26.3
1800,ROCK1_HUMAN_D0_4W7P_D,26.3
1801,AURKA_HUMAN_D0_2BMC_E,26.3
1802,ROCK1_HUMAN_D0_3NDM_B,26.3
1803,MP2K1_HUMAN_D0_3EQG_A,26.3
1804,ROCK1_HUMAN_D0_3NDM_D,26.3
1805,OXSR1_HUMAN_D0_2VWI_B,26.3
1806,AURKA_HUMAN_D0_1MUO_A,26.3
1807,MP2K1_HUMAN_D0_3ZLW_A,26.3
1808,ROCK1_HUMAN_D0_3TV7_C,26.3
1809,MP2K1_HUMAN_D0_3ZLX_A,26.3
1810,ROCK1_HUMAN_D0_3TV7_A,26.3
1811,AURKA_HUMAN_D0_3W2C_E,26.3
1812,MK10_HUMAN_D0_3V6S_B,26.3
1813,AURKA_HUMAN_D0_3UOL_A,26.3
1814,MK10_HUMAN_D0_4U79_A,26.3
1815,MK10_HUMAN_D0_3FV8_A,26.3
1816,OXSR1_HUMAN_D0_2VWI_C,26.3
1817,AURKA_HUMAN_D0_3COH_A,26.3
1818,OXSR1_HUMAN_D0_3DAK_B,26.3
1819,ROCK1_HUMAN_D0_4W7P_B,26.3
1820,MK10_HUMAN_D0_2O0U_A,26.3
1821,AURKA_HUMAN_D0_2X81_A,26.3
1822,AURKA_HUMAN_D0_3H10_A,26.3
1823,AURKA_HUMAN_D0_3H10_B,26.3
1824,MK10_HUMAN_D0_3DA6_A,26.3
1825,MK10_HUMAN_D0_1PMV_A,26.3
1826,MK10_HUMAN_D0_4KKG_A,26.3
1827,AURKA_HUMAN_D0_2DWB_A,26.3
1828,MP2K1_HUMAN_D0_3EQC_A,26.3
1829,AURKA_HUMAN_D0_4C3P_A,26.3
1830,MK10_HUMAN_D0_3G9N_A,26.3
1831,AURKA_HUMAN_D0_4BYJ_A,26.3
1832,MK10_HUMAN_D0_4H3B_C,26.3
1833,AURKA_HUMAN_D0_2W1D_A,26.3
1834,OXSR1_HUMAN_D0_2VWI_A,26.3
1835,ROCK1_HUMAN_D0_3V8S_A,26.3
1836,AURKA_HUMAN_D0_3UOJ_A,26.3
1837,MP2K1_HUMAN_D0_3DY7_A,26.3
1838,MK10_HUMAN_D0_3TTJ_A,26.3
1839,AURKA_HUMAN_D0_1MQ4_A,26.3
1840,AURKA_HUMAN_D0_4JBP_A,26.3
1841,MK10_HUMAN_D0_3V6R_A,26.3
1842,AURKA_HUMAN_D0_3P9J_A,26.3
1843,MK10_HUMAN_D0_3PTG_A,26.3
1844,AURKA_HUMAN_D0_2W1F_A,26.3
1845,AURKA_HUMAN_D0_3H10_D,26.3
1846,ROCK1_HUMAN_D0_2V55_A,26.3
1847,AURKA_HUMAN_D0_2C6D_A,26.3
1848,ROCK1_HUMAN_D0_2ETR_B,26.3
1849,MK10_HUMAN_D0_4H3B_A,26.3
1850,AURKA_HUMAN_D0_3UP2_A,26.3
1851,MP2K1_HUMAN_D0_4U80_A,26.3
1852,AURKA_HUMAN_D0_3UOL_B,26.3
1853,MK10_HUMAN_D0_1PMQ_A,26.3
1854,AURKA_HUMAN_D0_3H0Z_A,26.3
1855,MK10_HUMAN_D0_3G90_X,26.3
1856,MP2K1_HUMAN_D0_4U81_A,26.3
1857,MP2K1_HUMAN_D0_3E8N_A,26.3
1858,ROCK1_HUMAN_D0_2ETK_B,26.3
1859,AURKA_HUMAN_D0_3H0Y_A,26.3
1860,AURKA_HUMAN_D0_3VAP_A,26.3
1861,MP2K1_HUMAN_D0_3ZLY_A,26.3
1862,MK10_HUMAN_D0_2R9S_A,26.3
1863,OXSR1_HUMAN_D0_3DAK_A,26.3
1864,FUS3_YEAST_D0_2F49_A,26.3
1865,MP2K1_HUMAN_D0_4LMN_A,26.3
1866,AURKA_HUMAN_D0_3NRM_A,26.3
1867,AURKA_HUMAN_D0_3R21_A,26.3
1868,MP2K1_HUMAN_D0_4U7Z_A,26.3
1869,AURKA_HUMAN_D0_3COH_B,26.3
1870,AURKA_HUMAN_D0_2W1E_A,26.3
1871,AURKA_HUMAN_D0_3M11_A,26.3
1872,AURKA_HUMAN_D0_4J8N_B,26.3
1873,MK10_HUMAN_D0_2ZDU_A,26.3
1874,FUS3_YEAST_D0_2F49_B,26.3
1875,MK10_HUMAN_D0_2R9S_B,26.3
1876,MP2K1_HUMAN_D0_4MNE_A,26.3
1877,MK10_HUMAN_D0_1JNK_A,26.3
1878,MP2K1_HUMAN_D0_3W8Q_A,26.3
1879,AURKA_HUMAN_D0_4C3P_D,26.3
1880,MP2K1_HUMAN_D0_4MNE_E,26.3
1881,MP2K1_HUMAN_D0_1S9J_A,26.3
1882,MK10_HUMAN_D0_2B1P_A,26.3
1883,AURKA_HUMAN_D0_4BYI_A,26.3
1884,ROCK1_HUMAN_D0_3V8S_D,26.3
1885,MP2K1_HUMAN_D0_3EQI_A,26.3
1886,AURKA_HUMAN_D0_3W2C_A,26.3
1887,MK10_HUMAN_D0_4KKE_A,26.3
1888,AURKA_HUMAN_D0_2WQE_A,26.3
1889,ROCK1_HUMAN_D0_2ESM_A,26.3
1890,AURKA_HUMAN_D0_2BMC_C,26.3
1891,AURKA_HUMAN_D0_3FDN_A,26.3
1892,ROCK1_HUMAN_D0_3TV7_B,26.3
1893,AURKA_HUMAN_D0_4J8N_C,26.3
1894,ROCK1_HUMAN_D0_2V55_C,26.3
1895,ROCK1_HUMAN_D0_3V8S_B,26.3
1896,ROCK1_HUMAN_D0_3NCZ_B,26.3
1897,AURKA_HUMAN_D0_4DHF_B,26.3
1898,OXSR1_HUMAN_D0_3DAK_C,26.3
1899,AURKA_HUMAN_D0_2C6E_A,26.3
1900,MK10_HUMAN_D0_3V6R_B,26.3
1901,AURKA_HUMAN_D0_3EFW_B,26.3
1902,MK10_HUMAN_D0_1PMU_A,26.3
1903,ROCK1_HUMAN_D0_3TWJ_C,26.3
1904,ROCK1_HUMAN_D0_4W7P_A,26.3
1905,AURKA_HUMAN_D0_4C3R_A,26.3
1906,AURKA_HUMAN_D0_4JAI_A,26.3
1907,AURKA_HUMAN_D0_4DEB_A,26.3
1908,MK10_HUMAN_D0_2EXC_X,26.3
1909,AURKA_HUMAN_D0_2BMC_D,26.3
1910,ROCK1_HUMAN_D0_3TV7_D,26.3
1911,MP2K1_HUMAN_D0_3V01_A,26.3
1912,AURKA_HUMAN_D0_3W18_B,26.3
1913,AURKA_HUMAN_D0_3H0Z_C,26.3
1914,AURKA_HUMAN_D0_3MYG_A,26.3
1915,MK10_HUMAN_D0_3G9L_X,26.3
1916,AURKA_HUMAN_D0_4DED_A,26.3
1917,ROCK1_HUMAN_D0_4W7P_C,26.3
1918,AURKA_HUMAN_D0_2J50_A,26.3
1919,AURKA_HUMAN_D0_1OL7_A,26.3
1920,MK10_HUMAN_D0_4H36_A,26.3
1921,MK10_HUMAN_D0_3TTI_A,26.3
1922,MELK_HUMAN_D0_4D2W_B,26.2
1923,MP2K1_HUMAN_D0_3WIG_A,26.2
1924,MELK_HUMAN_D0_4D2P_B,26.2
1925,MELK_HUMAN_D0_4D2V_B,26.2
1926,AAPK2_HUMAN_D0_2H6D_A,26.1
1927,PLK1_HUMAN_D0_4A4L_A,26.1
1928,PLK1_HUMAN_D0_2YAC_A,26.1
1929,MP2K6_HUMAN_D0_3ENM_A,26.1
1930,PLK1_HUMAN_D0_2OWB_A,26.1
1931,PLK1_HUMAN_D0_4J52_A,26.1
1932,AAPK2_HUMAN_D0_4CFE_C,26.1
1933,PLK1_HUMAN_D0_3KB7_A,26.1
1934,PLK1_HUMAN_D0_4J53_A,26.1
1935,PLK1_HUMAN_D0_2V5Q_B,26.1
1936,AAPK2_HUMAN_D0_4CFE_A,26.1
1937,PLK1_HUMAN_D0_3THB_A,26.1
1938,AAPK2_HUMAN_D0_2YZA_A,26.1
1939,AAPK2_HUMAN_D0_4CFF_C,26.1
1940,PLK1_HUMAN_D0_2V5Q_A,26.1
1941,MP2K6_HUMAN_D0_3ENM_D,26.1
1942,PLK1_HUMAN_D0_3FC2_A,26.1
1943,AAPK2_HUMAN_D0_3AQV_A,26.1
1944,PLK1_HUMAN_D0_2RKU_A,26.1
1945,SRK2I_ARATH_D0_3UC3_A,26.1
1946,AAPK2_HUMAN_D0_4CFF_A,26.1
1947,PLK1_HUMAN_D0_4A4O_A,26.1
1948,PLK1_HUMAN_D0_2OU7_A,26.1
1949,MK08_HUMAN_D0_3VUG_A,26.0
1950,AURKA_HUMAN_D0_2WTW_A,26.0
1951,TTK_HUMAN_D0_4C4G_A,26.0
1952,ACVL1_HUMAN_D0_3MY0_O,26.0
1953,AURKA_HUMAN_D0_3UO6_A,26.0
1954,RIO2_ARCFU_D0_1TQP_A,26.0
1955,MELK_HUMAN_D0_4UMP_B,26.0
1956,TNIK_HUMAN_D0_2X7F_E,26.0
1957,KCC1A_HUMAN_D0_4FG7_A,26.0
1958,MP2K6_HUMAN_D0_3VN9_A,26.0
1959,MK08_HUMAN_D0_3VUK_A,26.0
1960,TNIK_HUMAN_D0_2X7F_A,26.0
1961,AURKA_HUMAN_D0_3UNZ_B,26.0
1962,AURKA_HUMAN_D0_3UOK_B,26.0
1963,MK08_HUMAN_D0_3VUH_A,26.0
1964,AURKA_HUMAN_D0_3UOJ_B,26.0
1965,MP2K4_HUMAN_D0_3ALN_B,26.0
1966,MP2K4_HUMAN_D0_3ALO_A,26.0
1967,MP2K4_HUMAN_D0_3ALN_A,26.0
1968,TNIK_HUMAN_D0_2X7F_C,26.0
1969,AURKA_HUMAN_D0_3UOH_A,26.0
1970,AURKA_HUMAN_D0_3UOK_A,26.0
1971,KSR2_HUMAN_D0_2Y4I_B,26.0
1972,AURKA_HUMAN_D0_3UOH_B,26.0
1973,CDKL2_HUMAN_D0_4BBM_B,26.0
1974,MP2K6_HUMAN_D0_3FME_A,26.0
1975,TNIK_HUMAN_D0_2X7F_B,26.0
1976,PDPK1_HUMAN_D0_3QC4_B,25.9
1977,TTK_HUMAN_D0_4JS8_A,25.9
1978,IRAK4_HUMAN_D0_2O8Y_A,25.8
1979,SLK_HUMAN_D0_2JFL_A,25.7
1980,KCC1A_HUMAN_D0_4FGB_A,25.7
1981,KCC1A_HUMAN_D0_4FG8_A,25.7
1982,TTK_HUMAN_D0_4C4J_A,25.7
1983,KCC1A_HUMAN_D0_4FG9_A,25.7
1984,KCC1A_HUMAN_D0_4FG9_B,25.7
1985,CDPK4_PLAF7_D0_4QOX_A,25.7
1986,KCC1A_RAT_D0_1A06_A,25.7
1987,KCC1A_HUMAN_D0_4FG8_B,25.7
1988,DYR1A_HUMAN_D0_4MQ1_C,25.6
1989,TBK1_HUMAN_D0_4IM2_A,25.6
1990,TBK1_HUMAN_D0_4IWO_A,25.6
1991,MK08_HUMAN_D0_3VUL_A,25.6
1992,TBK1_HUMAN_D0_4IWP_A,25.6
1993,TBK1_HUMAN_D0_4EUT_B,25.6
1994,MK08_HUMAN_D0_3VUM_A,25.6
1995,TBK1_HUMAN_D0_4IM0_A,25.6
1996,TBK1_HUMAN_D0_4EUT_A,25.6
1997,TBK1_HUMAN_D0_4IWQ_A,25.6
1998,TBK1_HUMAN_D0_4IM3_A,25.6
1999,TBK1_HUMAN_D0_4IW0_A,25.6
2000,SLK_HUMAN_D0_2UV2_A,25.5
2001,PKNB_MYCTU_D0_3F61_A,25.5
2002,SLK_HUMAN_D0_2J51_A,25.5
2003,SLK_HUMAN_D0_2JFM_A,25.5
2004,MELK_HUMAN_D0_4D2T_B,25.4
2005,SRK2E_ARATH_D0_3UJG_A,25.3
2006,SRK2E_ARATH_D0_3ZUU_B,25.3
2007,MELK_MOUSE_D0_4CQG_A,25.3
2008,AURKA_HUMAN_D0_3QBN_A,25.3
2009,SRK2E_ARATH_D0_3UC4_B,25.3
2010,IRAK4_HUMAN_D0_2O8Y_B,25.3
2011,SRK2E_ARATH_D0_3UDB_A,25.3
2012,MELK_HUMAN_D0_4BKZ_A,25.3
2013,SRK2E_ARATH_D0_3UDB_B,25.3
2014,MELK_HUMAN_D0_4BL1_A,25.3
2015,SRK2E_ARATH_D0_3ZUT_A,25.3
2016,MELK_MOUSE_D0_4BFM_A,25.3
2017,SRK2E_ARATH_D0_3ZUU_A,25.3
2018,KAPCA_BOVIN_D0_1XH9_A,25.3
2019,SRK2E_ARATH_D0_3UDB_F,25.3
2020,SRK2E_ARATH_D0_3ZUT_B,25.3
2021,MELK_HUMAN_D0_4IXP_A,25.3
2022,SRK2E_ARATH_D0_3UDB_D,25.3
2023,MELK_HUMAN_D0_4BKY_A,25.3
2024,SRK2E_ARATH_D0_3UC4_A,25.3
2025,TBK1_MOUSE_D0_4JLC_A,25.2
2026,CHK2_HUMAN_D0_2XM9_A,25.2
2027,CDK9_HUMAN_D0_3MI9_A,25.2
2028,AVR2A_HUMAN_D0_3SOC_B,25.2
2029,CDK9_HUMAN_D0_4IMY_A,25.2
2030,CDK9_HUMAN_D0_3TNI_A,25.2
2031,DYR1A_HUMAN_D0_3ANR_C,25.2
2032,DYR1A_HUMAN_D0_4MQ1_B,25.2
2033,CDK9_HUMAN_D0_4OR5_A,25.2
2034,CHK2_HUMAN_D0_2CN8_A,25.2
2035,MP2K2_HUMAN_D0_1S9I_A,25.2
2036,CDK9_HUMAN_D0_3BLQ_A,25.2
2037,CHK2_HUMAN_D0_4BDF_A,25.2
2038,CDK9_HUMAN_D0_4EC8_A,25.2
2039,CDK9_HUMAN_D0_4BCH_A,25.2
2040,DYR1A_HUMAN_D0_3ANQ_A,25.2
2041,CHK2_HUMAN_D0_3I6W_C,25.2
2042,CHK2_HUMAN_D0_4A9T_A,25.2
2043,STK16_HUMAN_D0_2BUJ_B,25.2
2044,CHK2_HUMAN_D0_3I6W_D,25.2
2045,CDK9_HUMAN_D0_4OGR_A,25.2
2046,CHK2_HUMAN_D0_3I6W_H,25.2
2047,CHK2_HUMAN_D0_3I6W_E,25.2
2048,DYR1A_HUMAN_D0_2VX3_D,25.2
2049,AVR2A_HUMAN_D0_4ASX_A,25.2
2050,CDK9_HUMAN_D0_4BCJ_A,25.2
2051,CHK2_HUMAN_D0_3I6U_A,25.2
2052,MP2K2_HUMAN_D0_1S9I_B,25.2
2053,DYR1A_HUMAN_D0_3ANR_A,25.2
2054,DYR1A_HUMAN_D0_2WO6_B,25.2
2055,CHK2_HUMAN_D0_2CN5_A,25.2
2056,CHK2_HUMAN_D0_3I6W_G,25.2
2057,CHK2_HUMAN_D0_3I6W_F,25.2
2058,DYR1A_HUMAN_D0_4MQ2_D,25.2
2059,DYR1A_HUMAN_D0_3ANR_B,25.2
2060,AVR2A_HUMAN_D0_4ASX_B,25.2
2061,CHK2_HUMAN_D0_4BDI_A,25.2
2062,PDPK1_HUMAN_D0_4CT2_A,25.2
2063,CHK2_HUMAN_D0_4BDG_A,25.2
2064,CHK2_HUMAN_D0_3I6U_B,25.2
2065,BMR1B_HUMAN_D0_3MDY_C,25.2
2066,DYR1A_HUMAN_D0_4MQ1_D,25.2
2067,CHK2_HUMAN_D0_2YCQ_A,25.2
2068,CHK2_HUMAN_D0_4A9U_A,25.2
2069,DYR1A_HUMAN_D0_3ANR_D,25.2
2070,CHK2_HUMAN_D0_2WTC_A,25.2
2071,DYR1A_HUMAN_D0_2VX3_C,25.2
2072,AVR2A_HUMAN_D0_3Q4T_B,25.2
2073,CHK2_HUMAN_D0_2YCR_A,25.2
2074,CDK9_HUMAN_D0_4BCI_A,25.2
2075,CHK2_HUMAN_D0_2YIT_A,25.2
2076,IKKB_HUMAN_D0_4KIK_A,25.2
2077,DYR1A_HUMAN_D0_4AZE_B,25.2
2078,DYR1A_HUMAN_D0_4AZE_C,25.2
2079,CHK2_HUMAN_D0_4A9S_A,25.2
2080,CDK9_HUMAN_D0_4IMY_E,25.2
2081,CDK9_HUMAN_D0_4OR5_F,25.2
2082,DYR1A_HUMAN_D0_3ANQ_C,25.2
2083,CDK9_HUMAN_D0_4OGR_E,25.2
2084,DYR1A_HUMAN_D0_2WO6_A,25.2
2085,DYR1A_HUMAN_D0_2VX3_A,25.2
2086,DYR1A_HUMAN_D0_4MQ2_B,25.2
2087,DYR1A_HUMAN_D0_3ANQ_B,25.2
2088,CDK9_HUMAN_D0_4OGR_I,25.2
2089,DYR1A_HUMAN_D0_4MQ2_C,25.2
2090,CHK2_HUMAN_D0_2WTD_A,25.2
2091,CHK2_HUMAN_D0_4BDA_A,25.2
2092,CDK9_HUMAN_D0_3TN8_A,25.2
2093,CDK16_HUMAN_D0_3MTL_A,25.2
2094,CDK9_HUMAN_D0_3MY1_A,25.2
2095,CHK2_HUMAN_D0_4A9R_A,25.2
2096,CDK9_HUMAN_D0_3TNH_A,25.2
2097,KS6A5_HUMAN_D0_1VZO_A,25.2
2098,CHK2_HUMAN_D0_4BDD_A,25.2
2099,CDK9_HUMAN_D0_4BCF_A,25.2
2100,DYR1A_HUMAN_D0_3ANQ_D,25.2
2101,AVR2A_HUMAN_D0_3SOC_A,25.2
2102,CDK9_HUMAN_D0_3BLH_A,25.2
2103,CDK9_HUMAN_D0_4BCG_A,25.2
2104,CHK2_HUMAN_D0_2W0J_A,25.2
2105,AVR2A_HUMAN_D0_3Q4T_A,25.2
2106,CHK2_HUMAN_D0_2WTJ_A,25.2
2107,CHK2_HUMAN_D0_2YIR_A,25.2
2108,CHK2_HUMAN_D0_4BDE_A,25.2
2109,CDK9_HUMAN_D0_3BLR_A,25.2
2110,CHK2_HUMAN_D0_2YCF_A,25.2
2111,CDK9_HUMAN_D0_4EC9_A,25.2
2112,STK16_HUMAN_D0_2BUJ_A,25.2
2113,DYR1A_HUMAN_D0_4AZE_A,25.2
2114,CDK9_HUMAN_D0_3LQ5_A,25.2
2115,TBK1_MOUSE_D0_4JL9_A,25.2
2116,CHK2_HUMAN_D0_3I6W_A,25.2
2117,BMR1B_HUMAN_D0_3MDY_A,25.2
2118,CHK2_HUMAN_D0_4BDK_A,25.2
2119,CHK2_HUMAN_D0_2XM8_A,25.2
2120,CHK2_HUMAN_D0_2YIQ_A,25.2
2121,CHK2_HUMAN_D0_4BDC_A,25.2
2122,CHK2_HUMAN_D0_4BDJ_A,25.2
2123,DYR1A_HUMAN_D0_4MQ1_A,25.2
2124,DYR1A_HUMAN_D0_4MQ2_A,25.2
2125,CHK2_HUMAN_D0_2YCS_A,25.2
2126,CHK2_HUMAN_D0_3I6W_B,25.2
2127,CDK9_HUMAN_D0_4IMY_C,25.2
2128,CHK2_HUMAN_D0_2WTI_A,25.2
2129,CHK2_HUMAN_D0_4BDH_A,25.2
2130,PDPK1_HUMAN_D0_3HRC_A,25.2
2131,DYR1A_HUMAN_D0_2VX3_B,25.2
2132,CDK9_HUMAN_D0_3MIA_A,25.2
2133,AURKA_MOUSE_D0_3DJ7_A,25.1
2134,AURKA_MOUSE_D0_3DAJ_A,25.1
2135,AKT1_HUMAN_D0_4EKL_A,25.1
2136,AKT1_HUMAN_D0_3QKL_A,25.1
2137,AKT1_HUMAN_D0_3OCB_A,25.1
2138,CIPKO_ARATH_D0_4D28_A,25.1
2139,AURKA_MOUSE_D0_3D14_A,25.1
2140,AKT1_HUMAN_D0_3CQW_A,25.1
2141,AKT1_HUMAN_D0_4EKK_A,25.1
2142,AKT1_HUMAN_D0_3MV5_A,25.1
2143,CHK2_HUMAN_D0_2W7X_A,25.1
2144,CHK2_HUMAN_D0_2XK9_A,25.1
2145,AURKA_MOUSE_D0_3D2K_A,25.1
2146,AURKA_MOUSE_D0_3D15_A,25.1
2147,PIM1_HUMAN_D0_2BIK_B,25.1
2148,AKT1_HUMAN_D0_3OW4_A,25.1
2149,AKT1_HUMAN_D0_4EJN_A,25.1
2150,AKT1_HUMAN_D0_4EKK_B,25.1
2151,AKT1_HUMAN_D0_3O96_A,25.1
2152,AKT1_HUMAN_D0_3OW4_B,25.1
2153,AKT1_HUMAN_D0_3MVH_A,25.1
2154,AKT1_HUMAN_D0_3QKK_A,25.1
2155,AKT1_HUMAN_D0_3QKM_A,25.1
2156,MP2K6_HUMAN_D0_3ENM_C,25.1
2157,AKT1_HUMAN_D0_3OCB_B,25.1
2158,AURKA_MOUSE_D0_3D2I_A,25.1
2159,PDPK1_HUMAN_D0_3QC4_A,25.1
2160,NEK1_HUMAN_D0_4APC_B,25.1
2161,NEK1_HUMAN_D0_4B9D_A,25.1
2162,CDPK2_PLAFK_D0_4MVF_A,25.1
2163,NEK1_HUMAN_D0_4APC_A,25.1
2164,AKT1_HUMAN_D0_4GV1_A,25.1
2165,AKT1_HUMAN_D0_3CQU_A,25.1
2166,PIM1_HUMAN_D0_2BZI_B,25.1
2167,PIM1_HUMAN_D0_2BZH_B,25.0
2168,PIM1_HUMAN_D0_2BZJ_A,25.0
2169,PLK2_HUMAN_D0_4I5M_A,25.0
2170,PIM1_HUMAN_D0_3BWF_A,25.0
2171,PIM1_HUMAN_D0_2OI4_X,25.0
2172,PIM1_HUMAN_D0_4ENY_A,24.9
2173,MLKL_MOUSE_D0_4M68_A,24.9
2174,MLKL_MOUSE_D0_4BTF_A,24.9
2175,E2AK2_HUMAN_D0_2A19_C,24.9
2176,MLKL_MOUSE_D0_4M69_B,24.9
2177,MP2K6_HUMAN_D0_3ENM_B,24.9
2178,PLK3_HUMAN_D0_4B6L_A,24.9
2179,NEK1_HUMAN_D0_4B9D_B,24.9
2180,DAPK2_MOUSE_D0_2YAB_B,24.8
2181,PHKG2_HUMAN_D0_2Y7J_B,24.8
2182,JNK_DROME_D0_4M3A_A,24.8
2183,MLKL_HUMAN_D0_4M67_A,24.8
2184,MK08_HUMAN_D0_3VUI_A,24.8
2185,PHKG2_HUMAN_D0_2Y7J_A,24.8
2186,DAPK2_MOUSE_D0_2YAB_A,24.8
2187,DAPK1_HUMAN_D0_3ZXT_A,24.8
2188,CDK4_HUMAN_D0_3G33_C,24.8
2189,MK11_HUMAN_D0_3GC8_A,24.8
2190,PHKG2_HUMAN_D0_2Y7J_D,24.8
2191,PDPK1_HUMAN_D0_4CT1_A,24.8
2192,KAPCA_HUMAN_D0_2GU8_A,24.8
2193,MK11_HUMAN_D0_3GC9_A,24.8
2194,MK01_HUMAN_D0_1PME_A,24.8
2195,NEK7_HUMAN_D0_2WQN_A,24.8
2196,MLKL_HUMAN_D0_4MWI_A,24.8
2197,MK11_HUMAN_D0_3GC8_B,24.8
2198,CDK4_HUMAN_D0_3G33_A,24.8
2199,NEK7_HUMAN_D0_2WQM_A,24.8
2200,MK11_HUMAN_D0_3GC9_B,24.8
2201,PHKG2_HUMAN_D0_2Y7J_C,24.8
2202,GSK3B_MOUSE_D0_4NU1_A,24.8
2203,DAPK2_MOUSE_D0_2YAA_B,24.8
2204,DAPK2_MOUSE_D0_2YA9_A,24.8
2205,DAPK2_MOUSE_D0_2YAA_A,24.8
2206,DAPK2_MOUSE_D0_2YA9_B,24.8
2207,MK11_HUMAN_D0_3GP0_A,24.8
2208,PDPK1_HUMAN_D0_1UU9_A,24.7
2209,STK10_HUMAN_D0_4EQU_B,24.7
2210,PLK2_HUMAN_D0_4I6B_A,24.7
2211,STK10_HUMAN_D0_4AOT_A,24.7
2212,AUKBA_XENLA_D0_2BFX_B,24.7
2213,PLK2_HUMAN_D0_4I6F_A,24.7
2214,CDPK4_PLAF7_D0_4RGJ_A,24.7
2215,KS6A5_HUMAN_D1_3KN6_B,24.7
2216,STK10_HUMAN_D0_4AOT_B,24.7
2217,AUKBA_XENLA_D0_4C2W_B,24.7
2218,PLK2_HUMAN_D0_4I6H_A,24.7
2219,AUKBA_XENLA_D0_2VGP_B,24.7
2220,AUKBA_XENLA_D0_2BFX_A,24.7
2221,AUKBA_XENLA_D0_4B8M_A,24.7
2222,AUKBA_XENLA_D0_2BFY_B,24.7
2223,MP2K4_HUMAN_D0_3VUT_B,24.7
2224,AUKBA_XENLA_D0_4B8L_A,24.7
2225,AUKBA_XENLA_D0_2VRX_B,24.7
2226,AUKBA_XENLA_D0_4C2V_B,24.7
2227,STK10_HUMAN_D0_2J7T_A,24.7
2228,AUKBA_XENLA_D0_2BFY_A,24.7
2229,AUKBA_XENLA_D0_2VRX_A,24.7
2230,PLK2_HUMAN_D0_4I5P_A,24.7
2231,AUKBA_XENLA_D0_2VGO_B,24.7
2232,AUKBA_XENLA_D0_3ZTX_A,24.7
2233,AUKBA_XENLA_D0_3ZTX_B,24.7
2234,AUKBA_XENLA_D0_2VGO_A,24.7
2235,AUKBA_XENLA_D0_4C2W_A,24.7
2236,STK10_HUMAN_D0_4EQU_A,24.7
2237,AUKBA_XENLA_D0_2VGP_A,24.7
2238,AUKBA_XENLA_D0_4C2V_A,24.7
2239,AUKBA_XENLA_D0_4B8M_B,24.7
2240,STK10_HUMAN_D0_4BC6_A,24.7
2241,PDPK1_HUMAN_D0_1OKZ_A,24.7
2242,PAK7_HUMAN_D0_2F57_A,24.6
2243,MYLK4_HUMAN_D0_2X4F_B,24.6
2244,PKN2_HUMAN_D0_4CRS_A,24.6
2245,MYLK4_HUMAN_D0_2X4F_A,24.6
2246,PAK7_HUMAN_D0_2F57_B,24.6
2247,PIM1_HUMAN_D0_3C4E_C,24.5
2248,PIM1_HUMAN_D0_3C4E_A,24.5
2249,PIM1_HUMAN_D0_1YXU_D,24.5
2250,PIM1_HUMAN_D0_3JXW_A,24.5
2251,PIM1_HUMAN_D0_1XWS_A,24.5
2252,PIM1_HUMAN_D0_3R02_A,24.5
2253,PIM1_HUMAN_D0_3QF9_A,24.5
2254,PIM1_HUMAN_D0_1YXV_A,24.5
2255,PIM1_HUMAN_D0_4MBI_A,24.5
2256,PIM1_HUMAN_D0_3VBX_A,24.5
2257,PIM1_HUMAN_D0_3T9I_A,24.5
2258,PIM1_HUMAN_D0_3BGQ_A,24.5
2259,PIM1_HUMAN_D0_3A99_A,24.5
2260,PIM1_HUMAN_D0_1YXU_B,24.5
2261,PIM1_HUMAN_D0_2BZK_B,24.5
2262,PIM1_HUMAN_D0_1YI3_A,24.5
2263,PIM1_HUMAN_D0_2XJ0_A,24.5
2264,PIM1_HUMAN_D0_4A7C_A,24.5
2265,PIM1_HUMAN_D0_4I41_A,24.5
2266,PIM1_HUMAN_D0_1YHS_A,24.5
2267,PIM1_HUMAN_D0_3JY0_A,24.5
2268,PIM1_HUMAN_D0_4ENX_A,24.5
2269,PIM1_HUMAN_D0_3DCV_A,24.5
2270,PIM1_HUMAN_D0_3JYA_A,24.5
2271,PIM1_HUMAN_D0_4BZO_A,24.5
2272,PIM1_HUMAN_D0_4JX7_A,24.5
2273,PASK_HUMAN_D0_3DLS_A,24.5
2274,PIM1_HUMAN_D0_3C4E_B,24.5
2275,PIM1_HUMAN_D0_4ALV_A,24.5
2276,PIM1_HUMAN_D0_4BZN_A,24.5
2277,PIM1_HUMAN_D0_3R00_A,24.5
2278,PIM1_HUMAN_D0_3UMW_A,24.5
2279,PASK_HUMAN_D0_3DLS_E,24.5
2280,PIM1_HUMAN_D0_4MBL_A,24.5
2281,PIM1_HUMAN_D0_2XIX_A,24.5
2282,PIM1_HUMAN_D0_2XJ2_A,24.5
2283,PIM1_HUMAN_D0_4GW8_A,24.5
2284,PASK_HUMAN_D0_3DLS_D,24.5
2285,PIM1_HUMAN_D0_2XIY_A,24.5
2286,PIM1_HUMAN_D0_4N70_A,24.5
2287,PIM1_HUMAN_D0_1YXS_A,24.5
2288,PIM1_HUMAN_D0_4N6Y_A,24.5
2289,PIM1_HUMAN_D0_1YXT_A,24.5
2290,PIM1_HUMAN_D0_1YXU_A,24.5
2291,PIM1_HUMAN_D0_2BIL_B,24.5
2292,KAPCA_MOUSE_D0_1J3H_B,24.5
2293,PIM1_HUMAN_D0_4K0Y_A,24.5
2294,PIM1_HUMAN_D0_4AS0_A,24.5
2295,PASK_HUMAN_D0_3DLS_F,24.5
2296,PIM1_HUMAN_D0_4ALW_A,24.5
2297,PIM1_HUMAN_D0_3VBY_A,24.5
2298,KAPCA_MOUSE_D0_1J3H_A,24.5
2299,PIM1_HUMAN_D0_4LL5_A,24.5
2300,PIM1_HUMAN_D0_3BGZ_A,24.5
2301,PIM1_HUMAN_D0_2J2I_B,24.5
2302,PIM1_HUMAN_D0_3R01_A,24.5
2303,PIM1_HUMAN_D0_4LMU_A,24.5
2304,PIM1_HUMAN_D0_4LM5_A,24.5
2305,PIM1_HUMAN_D0_3VBT_A,24.5
2306,PIM1_HUMAN_D0_2O65_A,24.5
2307,PIM1_HUMAN_D0_1YI4_A,24.5
2308,PIM1_HUMAN_D0_3CY3_A,24.5
2309,PIM1_HUMAN_D0_3F2A_A,24.5
2310,PIM1_HUMAN_D0_3MA3_A,24.5
2311,KAPCA_MOUSE_D0_3FHI_A,24.5
2312,PIM1_HUMAN_D0_3UIX_A,24.5
2313,PIM1_HUMAN_D0_3CY2_A,24.5
2314,PIM1_HUMAN_D0_3CXW_A,24.5
2315,PIM1_HUMAN_D0_4N6Z_A,24.5
2316,PIM1_HUMAN_D0_2O64_A,24.5
2317,PIM1_HUMAN_D0_2OBJ_A,24.5
2318,PIM1_HUMAN_D0_4ALU_A,24.5
2319,PIM1_HUMAN_D0_1XQZ_A,24.5
2320,PIM1_HUMAN_D0_3VC4_A,24.5
2321,PIM1_HUMAN_D0_1YXX_A,24.5
2322,PIM1_HUMAN_D0_4K18_A,24.5
2323,PIM1_HUMAN_D0_3BGP_A,24.5
2324,PDPK1_HUMAN_D0_3ORX_B,24.5
2325,PIM1_HUMAN_D0_3JPV_A,24.5
2326,PIM1_HUMAN_D0_3VBV_A,24.5
2327,PIM1_HUMAN_D0_3R04_A,24.5
2328,PIM1_HUMAN_D0_3C4E_D,24.5
2329,PASK_HUMAN_D0_3DLS_C,24.5
2330,PIM1_HUMAN_D0_4JX3_A,24.5
2331,PIM1_HUMAN_D0_3VBW_A,24.5
2332,PIM1_HUMAN_D0_2O63_A,24.5
2333,PIM1_HUMAN_D0_4K1B_A,24.5
2334,PIM1_HUMAN_D0_1YXU_C,24.5
2335,PIM1_HUMAN_D0_1YWV_A,24.5
2336,PASK_HUMAN_D0_3DLS_B,24.5
2337,PIM1_HUMAN_D0_3VBQ_A,24.5
2338,PIM1_HUMAN_D0_3UMX_A,24.5
2339,PIM1_HUMAN_D0_4DTK_A,24.5
2340,PIM1_HUMAN_D0_2XJ1_A,24.5
2341,PIM1_HUMAN_D0_4MED_A,24.5
2342,PIM1_HUMAN_D0_2XIZ_A,24.5
2343,PIM1_HUMAN_D0_3WE8_A,24.5
2344,PIM1_HUMAN_D0_1XR1_A,24.5
2345,PIM1_HUMAN_D0_2C3I_B,24.5
2346,GSK3B_HUMAN_D0_2OW3_A,24.4
2347,PHO85_YEAST_D0_4KRC_A,24.4
2348,GSK3B_HUMAN_D0_1I09_A,24.4
2349,DAPK1_HUMAN_D0_3F5G_A,24.4
2350,CDK5_HUMAN_D0_1H4L_A,24.4
2351,GSK3B_HUMAN_D0_1Q41_B,24.4
2352,GSK3B_HUMAN_D0_3SD0_A,24.4
2353,DAPK1_HUMAN_D0_1JKT_B,24.4
2354,MRCKB_HUMAN_D0_4UAL_A,24.4
2355,DAPK1_HUMAN_D0_4TXC_A,24.4
2356,DAPK1_HUMAN_D0_4B4L_A,24.4
2357,DAPK1_HUMAN_D0_3ZXT_B,24.4
2358,TTK_HUMAN_D0_2X9E_A,24.4
2359,KCC2D_CAEEL_D0_3KK9_A,24.4
2360,DAPK1_HUMAN_D0_2W4J_A,24.4
2361,MRCKB_HUMAN_D0_4UAK_A,24.4
2362,DAPK1_HUMAN_D0_1WVX_A,24.4
2363,GSK3B_HUMAN_D0_4ACG_A,24.4
2364,DAPK1_HUMAN_D0_1P4F_A,24.4
2365,GSK3B_HUMAN_D0_1J1C_B,24.4
2366,DAPK1_HUMAN_D0_2W4K_A,24.4
2367,GSK3B_HUMAN_D0_1Q4L_B,24.4
2368,GSK3B_HUMAN_D0_4ACH_B,24.4
2369,CBK1_YEAST_D0_4LQQ_D,24.4
2370,DAPK1_HUMAN_D0_2XZS_B,24.4
2371,GSK3B_HUMAN_D0_2OW3_B,24.4
2372,DAPK1_HUMAN_D0_1JKS_A,24.4
2373,GSK3B_HUMAN_D0_1Q3D_B,24.4
2374,DAPK1_HUMAN_D0_2XZS_A,24.4
2375,DAPK1_HUMAN_D0_1IG1_A,24.4
2376,MRCKA_RAT_D0_4AW2_A,24.4
2377,GSK3B_HUMAN_D0_4NM5_A,24.4
2378,DAPK1_HUMAN_D0_3GU7_A,24.4
2379,GSK3B_HUMAN_D0_3GB2_A,24.4
2380,GSK3B_HUMAN_D0_1I09_B,24.4
2381,DAPK1_HUMAN_D0_4PF4_A,24.4
2382,CDK5_HUMAN_D0_1UNH_A,24.4
2383,DAPK1_HUMAN_D0_1JKL_A,24.4
2384,TTK_HUMAN_D0_3GFW_A,24.4
2385,TTK_HUMAN_D0_3W1F_A,24.4
2386,KCC2D_CAEEL_D0_3KK8_A,24.4
2387,GSK3B_HUMAN_D0_1PYX_B,24.4
2388,GSK3B_HUMAN_D0_4ACH_A,24.4
2389,TTK_HUMAN_D0_4JT3_A,24.4
2390,CBK1_YEAST_D0_4LQQ_A,24.4
2391,GSK3B_HUMAN_D0_4J71_B,24.4
2392,TTK_HUMAN_D0_3HMN_A,24.4
2393,TTK_HUMAN_D0_2ZMD_A,24.4
2394,GSK3B_HUMAN_D0_3ZRK_B,24.4
2395,TTK_HUMAN_D0_3HMO_A,24.4
2396,DAPK1_HUMAN_D0_1JKT_A,24.4
2397,GSK3B_HUMAN_D0_3ZDI_A,24.4
2398,GSK3B_HUMAN_D0_4B7T_A,24.4
2399,TTK_HUMAN_D0_4C4H_A,24.4
2400,TTK_HUMAN_D0_4BI2_A,24.4
2401,GSK3B_HUMAN_D0_4ACD_B,24.4
2402,PHO85_YEAST_D0_2PMI_C,24.4
2403,TTK_HUMAN_D0_4C4I_A,24.4
2404,KCC2D_CAEEL_D0_3KL8_G,24.4
2405,GSK3B_HUMAN_D0_3F7Z_A,24.4
2406,MRCKB_HUMAN_D0_3TKU_B,24.4
2407,GSK3B_HUMAN_D0_4IQ6_A,24.4
2408,TTK_HUMAN_D0_4BI1_A,24.4
2409,GSK3B_HUMAN_D0_3Q3B_A,24.4
2410,GSK3B_HUMAN_D0_4NM3_A,24.4
2411,CBK1_YEAST_D0_4LQP_A,24.4
2412,GSK3B_HUMAN_D0_4J71_A,24.4
2413,GSK3B_HUMAN_D0_1GNG_A,24.4
2414,GSK3B_HUMAN_D0_1Q41_A,24.4
2415,MRCKB_HUMAN_D0_3QFV_A,24.4
2416,GSK3B_HUMAN_D0_3DU8_B,24.4
2417,CDK5_HUMAN_D0_1H4L_B,24.4
2418,GSK3B_HUMAN_D0_1Q3W_B,24.4
2419,CDK5_HUMAN_D0_4AU8_B,24.4
2420,GSK3B_HUMAN_D0_1Q3D_A,24.4
2421,GSK3B_HUMAN_D0_2O5K_A,24.4
2422,GSK3B_HUMAN_D0_1J1B_B,24.4
2423,GSK3B_HUMAN_D0_3SAY_A,24.4
2424,DMPK_HUMAN_D0_2VD5_B,24.4
2425,GSK3B_HUMAN_D0_4IQ6_B,24.4
2426,TTK_HUMAN_D0_3DBQ_A,24.4
2427,GSK3B_HUMAN_D0_1R0E_B,24.4
2428,DAPK1_HUMAN_D0_1WVW_A,24.4
2429,DAPK1_HUMAN_D0_1WVY_A,24.4
2430,GSK3B_HUMAN_D0_3M1S_B,24.4
2431,DAPK1_HUMAN_D0_3EH9_A,24.4
2432,GSK3B_HUMAN_D0_3L1S_A,24.4
2433,KCC2D_CAEEL_D0_3KL8_E,24.4
2434,CDK5_HUMAN_D0_1UNH_B,24.4
2435,CDKL1_HUMAN_D0_4AGU_B,24.4
2436,GSK3B_HUMAN_D0_4ACC_A,24.4
2437,DAPK1_HUMAN_D0_2XUU_A,24.4
2438,CDK5_HUMAN_D0_3O0G_A,24.4
2439,GSK3B_HUMAN_D0_1J1C_A,24.4
2440,TTK_HUMAN_D0_4BHZ_A,24.4
2441,TTK_HUMAN_D0_4BI0_A,24.4
2442,MRCKB_HUMAN_D0_3QFV_B,24.4
2443,TTK_HUMAN_D0_4C4F_A,24.4
2444,TTK_HUMAN_D0_3HMP_A,24.4
2445,DMPK_HUMAN_D0_2VD5_A,24.4
2446,TTK_HUMAN_D0_3CEK_A,24.4
2447,GSK3B_HUMAN_D0_3ZRM_A,24.4
2448,PHO85_YEAST_D0_2PK9_C,24.4
2449,CDK5_HUMAN_D0_4AU8_A,24.4
2450,TTK_HUMAN_D0_3VQU_A,24.4
2451,GSK3B_HUMAN_D0_3L1S_B,24.4
2452,GSK3B_HUMAN_D0_4ACC_B,24.4
2453,DAPK1_HUMAN_D0_3GU6_A,24.4
2454,CBK1_YEAST_D0_4LQS_A,24.4
2455,DAPK1_HUMAN_D0_3GUB_A,24.4
2456,KCC2D_CAEEL_D0_3KL8_C,24.4
2457,DAPK1_HUMAN_D0_2Y4P_A,24.4
2458,DAPK1_HUMAN_D0_2YAK_A,24.4
2459,GSK3B_HUMAN_D0_3SD0_B,24.4
2460,DAPK1_HUMAN_D0_3DFC_B,24.4
2461,TTK_HUMAN_D0_4C4E_A,24.4
2462,GSK3B_HUMAN_D0_1R0E_A,24.4
2463,GSK3B_HUMAN_D0_3ZRM_B,24.4
2464,GSK3B_HUMAN_D0_3DU8_A,24.4
2465,CDKL1_HUMAN_D0_4AGU_C,24.4
2466,CDK5_HUMAN_D0_1UNG_A,24.4
2467,GSK3B_HUMAN_D0_1GNG_B,24.4
2468,GSK3B_HUMAN_D0_3F7Z_B,24.4
2469,DAPK1_HUMAN_D0_3DGK_A,24.4
2470,DAPK1_HUMAN_D0_3ZXT_C,24.4
2471,GSK3B_HUMAN_D0_1Q4L_A,24.4
2472,DAPK1_HUMAN_D0_3F5U_A,24.4
2473,GSK3B_HUMAN_D0_4AFJ_B,24.4
2474,DAPK1_HUMAN_D0_2Y0A_A,24.4
2475,GSK3B_HUMAN_D0_3F88_A,24.4
2476,GSK3B_HUMAN_D0_1Q5K_A,24.4
2477,GSK3B_HUMAN_D0_4DIT_A,24.4
2478,GSK3B_HUMAN_D0_3ZRK_A,24.4
2479,GSK3B_HUMAN_D0_3I4B_A,24.4
2480,DAPK1_HUMAN_D0_3GU4_A,24.4
2481,GSK3B_HUMAN_D0_3I4B_B,24.4
2482,GSK3B_HUMAN_D0_3Q3B_B,24.4
2483,GSK3B_HUMAN_D0_4J1R_C,24.4
2484,CDK5_HUMAN_D0_1UNL_A,24.4
2485,GSK3B_HUMAN_D0_4NM7_A,24.4
2486,PHO85_YEAST_D0_2PK9_A,24.4
2487,DAPK1_HUMAN_D0_2X0G_A,24.4
2488,GSK3B_HUMAN_D0_4J1R_D,24.4
2489,GSK3B_HUMAN_D0_4ACD_A,24.4
2490,GSK3B_HUMAN_D0_4ACG_B,24.4
2491,DAPK1_HUMAN_D0_2Y4P_C,24.4
2492,GSK3B_HUMAN_D0_3ZRL_B,24.4
2493,PHO85_YEAST_D0_4KRD_A,24.4
2494,DAPK1_HUMAN_D0_3GU8_A,24.4
2495,CDK5_HUMAN_D0_1UNL_B,24.4
2496,TTK_HUMAN_D0_2ZMC_A,24.4
2497,GSK3B_HUMAN_D0_1PYX_A,24.4
2498,TTK_HUMAN_D0_3H9F_A,24.4
2499,GSK3B_HUMAN_D0_1Q3W_A,24.4
2500,MRCKB_HUMAN_D0_3TKU_A,24.4
2501,GSK3B_HUMAN_D0_4J1R_A,24.4
2502,CDK5_HUMAN_D0_1UNG_B,24.4
2503,GSK3B_HUMAN_D0_1Q5K_B,24.4
2504,DAPK1_HUMAN_D0_3GU5_A,24.4
2505,DAPK1_HUMAN_D0_3EHA_A,24.4
2506,GSK3B_HUMAN_D0_3SAY_B,24.4
2507,CDKL1_HUMAN_D0_4AGU_A,24.4
2508,GSK3B_HUMAN_D0_4NM0_A,24.4
2509,GSK3B_HUMAN_D0_2JLD_B,24.4
2510,GSK3B_HUMAN_D0_4J1R_B,24.4
2511,GSK3B_HUMAN_D0_3ZRL_A,24.4
2512,GSK3B_HUMAN_D0_3F88_B,24.4
2513,DAPK1_HUMAN_D0_1JKK_A,24.4
2514,KCC2D_CAEEL_D0_3KL8_A,24.4
2515,DAPK1_HUMAN_D0_3ZXT_D,24.4
2516,GSK3B_HUMAN_D0_1J1B_A,24.4
2517,KAPCA_MOUSE_D0_3PVB_A,24.3
2518,KAPCA_MOUSE_D0_4DH1_A,24.3
2519,KAPCA_MOUSE_D0_4O21_A,24.3
2520,KAPCA_MOUSE_D0_3O7L_B,24.3
2521,KAPCA_MOUSE_D0_1SYK_B,24.3
2522,KAPCA_MOUSE_D0_4IB0_A,24.3
2523,KAPCA_MOUSE_D0_4IAK_A,24.3
2524,KAPCA_MOUSE_D0_4DH3_A,24.3
2525,KAPCA_MOUSE_D0_4NTT_B,24.3
2526,KAPCA_MOUSE_D0_4DH5_A,24.3
2527,PDPK1_HUMAN_D0_3ORZ_B,24.3
2528,KAPCA_MOUSE_D0_4IAF_A,24.3
2529,KAPCA_MOUSE_D0_1RDQ_E,24.3
2530,KAPCA_MOUSE_D0_3TNP_C,24.3
2531,KCC2D_HUMAN_D0_2VN9_B,24.3
2532,KAPCA_MOUSE_D0_4HPT_E,24.3
2533,KAPCA_MOUSE_D0_1SYK_A,24.3
2534,KAPCA_MOUSE_D0_2QVS_E,24.3
2535,KAPCA_MOUSE_D0_4IAC_A,24.3
2536,KAPCA_MOUSE_D0_2ERZ_E,24.3
2537,KAPCA_MOUSE_D0_2QCS_A,24.3
2538,KAPCA_MOUSE_D0_4IAZ_A,24.3
2539,KAPCA_MOUSE_D0_4DH7_A,24.3
2540,KCC2A_HUMAN_D0_2VZ6_B,24.3
2541,KAPCA_MOUSE_D0_4IB3_A,24.3
2542,KAPCA_MOUSE_D0_4DFY_A,24.3
2543,KAPCA_MOUSE_D0_1BX6_A,24.3
2544,KAPCA_MOUSE_D0_3TNQ_B,24.3
2545,KAPCA_MOUSE_D0_4DIN_A,24.3
2546,KAPCA_MOUSE_D0_4IAI_A,24.3
2547,KAPCA_MOUSE_D0_2CPK_E,24.3
2548,KAPCA_MOUSE_D0_4HPU_E,24.3
2549,KAPCA_MOUSE_D0_1RE8_A,24.3
2550,KAPCA_MOUSE_D0_1ATP_E,24.3
2551,KAPCA_MOUSE_D0_1REK_A,24.3
2552,KAPCA_MOUSE_D0_3OW3_A,24.3
2553,KAPCA_MOUSE_D0_4DFX_E,24.3
2554,AURKA_HUMAN_D0_1OL6_A,24.3
2555,KAPCA_MOUSE_D0_3IDB_A,24.3
2556,KAPCA_MOUSE_D0_4IAD_A,24.3
2557,KAPCA_MOUSE_D0_4O22_A,24.3
2558,KCC2A_HUMAN_D0_2VZ6_A,24.3
2559,KAPCA_MOUSE_D0_1BKX_A,24.3
2560,KAPCA_MOUSE_D0_4DG2_E,24.3
2561,KAPCA_MOUSE_D0_4NTT_A,24.3
2562,KAPCA_MOUSE_D0_1JBP_E,24.3
2563,KAPCA_MOUSE_D0_4IAY_A,24.3
2564,KAPCA_MOUSE_D0_4DG3_E,24.3
2565,KAPCA_MOUSE_D0_3FJQ_E,24.3
2566,KAPCA_MOUSE_D0_3IDC_A,24.3
2567,PDPK1_HUMAN_D0_3ORZ_D,24.3
2568,KAPCA_MOUSE_D0_4DFZ_E,24.3
2569,CHK2_HUMAN_D0_2XBJ_A,24.3
2570,KCC2D_HUMAN_D0_2WEL_A,24.3
2571,KAPCA_MOUSE_D0_1REJ_A,24.3
2572,KAPCA_MOUSE_D0_4NTS_A,24.3
2573,KAPCA_MOUSE_D0_3O7L_D,24.3
2574,KCC2D_HUMAN_D0_2VN9_A,24.3
2575,KAPCA_MOUSE_D0_4DFY_E,24.3
2576,KAPCA_MOUSE_D0_1APM_E,24.3
2577,KAPCA_MOUSE_D0_4NTS_B,24.3
2578,KAPCA_MOUSE_D0_3QAM_E,24.3
2579,KAPCA_MOUSE_D0_2QUR_A,24.3
2580,KAPCA_MOUSE_D0_1FMO_E,24.3
2581,KAPCA_MOUSE_D0_1JLU_E,24.3
2582,KAPCA_MOUSE_D0_1L3R_E,24.3
2583,KAPCA_MOUSE_D0_4DG0_E,24.3
2584,KAPCA_MOUSE_D0_3TNP_F,24.3
2585,KAPCA_MOUSE_D0_3QAL_E,24.3
2586,KAPCA_MOUSE_D0_4IB1_A,24.3
2587,KAPCA_MOUSE_D0_4DH8_A,24.3
2588,AURKA_HUMAN_D0_3W18_A,24.3
2589,KCC2A_HUMAN_D0_3SOA_A,24.3
2590,PKN1_HUMAN_D0_4OTD_A,24.2
2591,KS6A3_MOUSE_D0_3UBD_A,24.2
2592,KS6A3_MOUSE_D0_4EL9_A,24.2
2593,PDPK1_HUMAN_D0_1UU8_A,24.2
2594,PDPK1_HUMAN_D0_3SC1_A,24.2
2595,PKN1_HUMAN_D0_4OTG_A,24.2
2596,KS6A3_HUMAN_D0_4NUS_A,24.2
2597,KS6A3_HUMAN_D0_4NW6_A,24.2
2598,KS6A3_MOUSE_D0_3G51_A,24.2
2599,PKN1_HUMAN_D0_4OTH_A,24.2
2600,KAPCA_BOVIN_D0_4C35_A,24.2
2601,PDPK1_HUMAN_D0_2XCH_A,24.2
2602,KS6A3_HUMAN_D0_4NW5_A,24.2
2603,KAPCA_BOVIN_D0_4C37_A,24.2
2604,KAPCA_BOVIN_D0_4C34_A,24.2
2605,KS6A3_MOUSE_D0_4GUE_A,24.2
2606,MKNK2_HUMAN_D0_2HW7_A,24.2
2607,KAPCA_BOVIN_D0_4C38_A,24.2
2608,KAPCA_BOVIN_D0_4C33_A,24.2
2609,KAPCA_BOVIN_D0_4C36_A,24.2
2610,PDPK1_HUMAN_D0_3NAY_B,24.2
2611,PKN1_HUMAN_D0_4OTI_A,24.2
2612,PDPK1_HUMAN_D0_3NAY_A,24.2
2613,KCC2D_CAEEL_D0_2BDW_B,24.1
2614,M3K14_HUMAN_D0_4G3D_E,24.1
2615,KCC2D_CAEEL_D0_2BDW_A,24.1
2616,KAPCA_BOVIN_D0_2UW4_A,24.1
2617,PKNB_MYCTU_D0_3F69_B,24.1
2618,KCC1D_HUMAN_D0_2JC6_A,24.1
2619,KCC1D_HUMAN_D0_2JC6_C,24.1
2620,KS6B1_HUMAN_D0_3A62_A,24.1
2621,DAPK2_HUMAN_D0_1Z9X_C,24.0
2622,PDPK1_HUMAN_D0_1OKY_A,24.0
2623,CSK2A_MAIZE_D0_4DGO_A,24.0
2624,DAPK2_HUMAN_D0_1ZWS_F,24.0
2625,DAPK2_HUMAN_D0_2A27_E,24.0
2626,CSK2A_MAIZE_D0_1DAW_A,24.0
2627,CSK2A_MAIZE_D0_2QC6_A,24.0
2628,DAPK2_HUMAN_D0_2A2A_C,24.0
2629,CSK2A_MAIZE_D0_1J91_B,24.0
2630,DAPK2_HUMAN_D0_2A27_H,24.0
2631,MK09_HUMAN_D0_3NPC_B,24.0
2632,CSK2A_MAIZE_D0_1J91_A,24.0
2633,DAPK2_HUMAN_D0_1ZWS_E,24.0
2634,DAPK2_HUMAN_D0_2A27_G,24.0
2635,DAPK2_HUMAN_D0_2A27_D,24.0
2636,CSK2A_MAIZE_D0_2PVN_A,24.0
2637,CSK2A_MAIZE_D0_4DGN_A,24.0
2638,CSK2A_MAIZE_D0_1JAM_A,24.0
2639,CSK2A_MAIZE_D0_3FL5_A,24.0
2640,DAPK2_HUMAN_D0_1WMK_D,24.0
2641,DAPK2_HUMAN_D0_1WMK_F,24.0
2642,DAPK2_HUMAN_D0_1Z9X_A,24.0
2643,CSK2A_MAIZE_D0_1M2P_A,24.0
2644,DAPK2_HUMAN_D0_2A27_C,24.0
2645,MAPK2_HUMAN_D0_1NXK_A,24.0
2646,DAPK2_HUMAN_D0_2A27_B,24.0
2647,DAPK2_HUMAN_D0_1ZWS_H,24.0
2648,DAPK2_HUMAN_D0_1WMK_B,24.0
2649,MK09_HUMAN_D0_3NPC_A,24.0
2650,CSK2A_MAIZE_D0_1DS5_A,24.0
2651,DAPK2_HUMAN_D0_2CKE_C,24.0
2652,DAPK2_HUMAN_D0_2A2A_A,24.0
2653,DAPK2_HUMAN_D0_1WMK_H,24.0
2654,CHK2_HUMAN_D0_4BDB_A,24.0
2655,DAPK2_HUMAN_D0_1ZWS_A,24.0
2656,DAPK2_HUMAN_D0_2A2A_D,24.0
2657,CSK2A_MAIZE_D0_2OXD_A,24.0
2658,CSK2A_MAIZE_D0_3BE9_A,24.0
2659,DAPK2_HUMAN_D0_1WMK_C,24.0
2660,MK09_HUMAN_D0_3E7O_A,24.0
2661,CSK2A_MAIZE_D0_2OXY_A,24.0
2662,CSK2A_MAIZE_D0_1M2R_A,24.0
2663,CSK2A_MAIZE_D0_1F0Q_A,24.0
2664,DAPK2_HUMAN_D0_1WMK_A,24.0
2665,DAPK2_HUMAN_D0_2A2A_B,24.0
2666,DAPK2_HUMAN_D0_2A27_F,24.0
2667,DAPK2_HUMAN_D0_1ZWS_G,24.0
2668,CSK2A_MAIZE_D0_3PWD_A,24.0
2669,CSK2A_MAIZE_D0_1DS5_C,24.0
2670,CSK2A_MAIZE_D0_2PVL_A,24.0
2671,CSK2A_MAIZE_D0_3PVG_A,24.0
2672,CSK2A_MAIZE_D0_1ZOG_A,24.0
2673,DAPK2_HUMAN_D0_2CKE_A,24.0
2674,CSK2A_MAIZE_D0_1DAY_A,24.0
2675,GSK3B_HUMAN_D0_4AFJ_A,24.0
2676,CSK2A_MAIZE_D0_1DS5_B,24.0
2677,DAPK2_HUMAN_D0_1ZWS_B,24.0
2678,CSK2A_MAIZE_D0_2PVH_A,24.0
2679,CSK2A_MAIZE_D0_3KXH_A,24.0
2680,DAPK2_HUMAN_D0_1ZWS_C,24.0
2681,CSK2A_MAIZE_D0_2OXY_B,24.0
2682,CSK2A_MAIZE_D0_3PZH_A,24.0
2683,CSK2A_MAIZE_D0_3KXN_A,24.0
2684,DAPK2_HUMAN_D0_2A27_A,24.0
2685,CSK2A_MAIZE_D0_1LR4_A,24.0
2686,MK12_HUMAN_D0_1CM8_A,24.0
2687,CSK2A_MAIZE_D0_4ANM_A,24.0
2688,DAPK2_HUMAN_D0_2CKE_D,24.0
2689,CSK2A_MAIZE_D0_3KXM_A,24.0
2690,DAPK2_HUMAN_D0_1WMK_G,24.0
2691,DAPK2_HUMAN_D0_1Z9X_B,24.0
2692,CSK2A_MAIZE_D0_1LP4_A,24.0
2693,DAPK2_HUMAN_D0_1ZWS_D,24.0
2694,CSK2A_MAIZE_D0_1LPU_A,24.0
2695,CSK2A_MAIZE_D0_1ZOE_A,24.0
2696,CSK2A_MAIZE_D0_1DS5_D,24.0
2697,CSK2A_MAIZE_D0_3KXG_A,24.0
2698,CSK2A_MAIZE_D0_1OM1_A,24.0
2699,CSK2A_MAIZE_D0_1M2Q_A,24.0
2700,CSK2A_MAIZE_D0_2OXX_A,24.0
2701,MK09_HUMAN_D0_3E7O_B,24.0
2702,CSK2A_MAIZE_D0_2PVK_A,24.0
2703,MK12_HUMAN_D0_1CM8_B,24.0
2704,CSK2A_MAIZE_D0_2PVJ_A,24.0
2705,CDK4_HUMAN_D0_2W9F_B,24.0
2706,DAPK2_HUMAN_D0_2CKE_B,24.0
2707,DAPK2_HUMAN_D0_1WMK_E,24.0
2708,MK14_HUMAN_D0_2BAQ_A,24.0
2709,CSK2A_MAIZE_D0_2PVM_A,24.0
2710,CSK2A_MAIZE_D0_1ZOH_A,24.0
2711,CSK2A_MAIZE_D0_4DGM_A,24.0
2712,KAPCA_BOVIN_D0_3ZO3_A,23.9
2713,KAPCA_BOVIN_D0_2UVX_A,23.9
2714,KAPCA_BOVIN_D0_3E8E_L,23.9
2715,KAPCA_HUMAN_D0_3L9N_A,23.9
2716,KAPCA_BOVIN_D0_3DNE_A,23.9
2717,KAPCA_BOVIN_D0_1Q8W_A,23.9
2718,ST32A_HUMAN_D0_4FR4_E,23.9
2719,KAPCA_BOVIN_D0_3E8C_E,23.9
2720,ST32A_HUMAN_D0_4FR4_A,23.9
2721,KAPCA_BOVIN_D0_3E8E_I,23.9
2722,KAPCA_BOVIN_D0_1SZM_B,23.9
2723,KAPCA_BOVIN_D0_3ZO4_A,23.9
2724,KAPCA_BOVIN_D0_3E8C_B,23.9
2725,KAPCA_BOVIN_D0_2UW0_A,23.9
2726,KAPCA_BOVIN_D0_1SVE_A,23.9
2727,PDPK1_HUMAN_D0_2XCK_A,23.9
2728,KAPCA_BOVIN_D0_1SVG_A,23.9
2729,KAPCA_BOVIN_D0_2JDS_A,23.9
2730,KAPCA_HUMAN_D0_3OVV_A,23.9
2731,KAPCA_BOVIN_D0_2UVY_A,23.9
2732,KAPCA_HUMAN_D0_3L9L_A,23.9
2733,KAPCA_BOVIN_D0_1YDR_E,23.9
2734,KAPCA_BOVIN_D0_1XH8_A,23.9
2735,KAPCA_HUMAN_D0_3VQH_A,23.9
2736,KAPCA_BOVIN_D0_1XHA_A,23.9
2737,KAPCA_BOVIN_D0_1Q8U_A,23.9
2738,KAPCA_BOVIN_D0_3E8C_A,23.9
2739,KAPCA_BOVIN_D0_4AXA_A,23.9
2740,KAPCA_BOVIN_D0_3DND_A,23.9
2741,KAPCA_BOVIN_D0_2UW7_A,23.9
2742,KAPCA_BOVIN_D0_3E8E_E,23.9
2743,KAPCA_BOVIN_D0_3E8C_D,23.9
2744,KAPCA_BOVIN_D0_2F7E_E,23.9
2745,KAPCA_HUMAN_D0_3MVJ_B,23.9
2746,KAPCA_HUMAN_D0_3AGL_A,23.9
2747,KAPCA_BOVIN_D0_3BWJ_A,23.9
2748,ST32A_HUMAN_D0_4FR4_C,23.9
2749,KAPCA_HUMAN_D0_4AE9_B,23.9
2750,KAPCA_HUMAN_D0_3OXT_A,23.9
2751,KAPCA_HUMAN_D0_3OWP_A,23.9
2752,KAPCA_BOVIN_D0_4IE9_A,23.9
2753,KAPCA_HUMAN_D0_3OOG_A,23.9
2754,KAPCA_HUMAN_D0_3MVJ_E,23.9
2755,KAPCA_CRIGR_D0_4WIH_A,23.9
2756,KAPCA_BOVIN_D0_2OJF_E,23.9
2757,KAPCA_BOVIN_D0_2UZU_E,23.9
2758,KAPCA_BOVIN_D0_2GFC_A,23.9
2759,KAPCA_BOVIN_D0_3AG9_A,23.9
2760,KAPCA_HUMAN_D0_3MVJ_A,23.9
2761,KAPCA_PIG_D0_1CTP_E,23.9
2762,KAPCA_BOVIN_D0_2OH0_E,23.9
2763,KAPCA_BOVIN_D0_1XH6_A,23.9
2764,KAPCA_BOVIN_D0_3E8E_A,23.9
2765,KAPCA_BOVIN_D0_3E8C_F,23.9
2766,KAPCA_BOVIN_D0_3E8C_C,23.9
2767,KAPCA_HUMAN_D0_4AE6_B,23.9
2768,KAPCA_BOVIN_D0_1SVH_A,23.9
2769,KAPCA_BOVIN_D0_1STC_E,23.9
2770,KAPCA_HUMAN_D0_3POO_A,23.9
2771,KAPCA_BOVIN_D0_1Q8T_A,23.9
2772,KAPCA_PIG_D0_1CDK_A,23.9
2773,KAPCA_HUMAN_D0_3AGL_B,23.9
2774,KAPCA_PIG_D0_1CMK_E,23.9
2775,ST32A_HUMAN_D0_4FR4_F,23.9
2776,KAPCA_HUMAN_D0_3P0M_A,23.9
2777,ST32A_HUMAN_D0_4FR4_B,23.9
2778,KAPCA_BOVIN_D0_2C1B_A,23.9
2779,KAPCA_BOVIN_D0_1YDS_E,23.9
2780,KAPCA_BOVIN_D0_2C1A_A,23.9
2781,KAPCA_HUMAN_D0_3L9L_B,23.9
2782,KAPCA_BOVIN_D0_2F7X_E,23.9
2783,KAPCA_BOVIN_D0_2UZW_E,23.9
2784,KAPCA_BOVIN_D0_1XH4_A,23.9
2785,KAPCA_BOVIN_D0_2UZV_A,23.9
2786,KAPCA_BOVIN_D0_1XH5_A,23.9
2787,KAPCA_BOVIN_D0_3E8E_B,23.9
2788,KAPCA_BOVIN_D0_3AG9_B,23.9
2789,KAPCA_HUMAN_D0_4AE9_A,23.9
2790,KAPCA_BOVIN_D0_2F7Z_E,23.9
2791,KAPCA_PIG_D0_1CDK_B,23.9
2792,KAPCA_BOVIN_D0_2VO6_A,23.9
2793,KAPCA_BOVIN_D0_3ZO2_A,23.9
2794,KAPCA_BOVIN_D0_1SMH_A,23.9
2795,KAPCA_BOVIN_D0_1Q62_A,23.9
2796,KAPCA_BOVIN_D0_1VEB_A,23.9
2797,ST32A_HUMAN_D0_4FR4_D,23.9
2798,KAPCA_BOVIN_D0_3E8E_P,23.9
2799,KAPCA_BOVIN_D0_2VO3_A,23.9
2800,KAPCA_BOVIN_D0_1XH7_A,23.9
2801,KAPCA_BOVIN_D0_1YDT_E,23.9
2802,KAPCA_BOVIN_D0_1Q24_A,23.9
2803,KAPCA_BOVIN_D0_2VO0_A,23.9
2804,KAPCA_BOVIN_D0_2VO7_A,23.9
2805,KAPCA_HUMAN_D0_3NX8_A,23.9
2806,KAPCA_HUMAN_D0_4AE6_A,23.9
2807,KAPCA_HUMAN_D0_3AGM_A,23.9
2808,KAPCA_BOVIN_D0_4IJ9_A,23.9
2809,KAPCA_BOVIN_D0_2UZT_A,23.9
2810,KAPCA_BOVIN_D0_3ZO1_A,23.9
2811,KAPCA_BOVIN_D0_3KKV_A,23.9
2812,KAPCA_BOVIN_D0_2JDV_A,23.9
2813,PDPK1_HUMAN_D0_3ORZ_A,23.8
2814,CIPKN_ARATH_D0_4CZT_C,23.8
2815,PDPK1_HUMAN_D0_3QCX_A,23.8
2816,M3K14_MOUSE_D0_4G3E_B,23.8
2817,PDPK1_HUMAN_D0_2PE0_A,23.8
2818,PDPK1_HUMAN_D0_3NUY_A,23.8
2819,CIPKN_ARATH_D0_4CZU_D,23.8
2820,PDPK1_HUMAN_D0_3NAX_A,23.8
2821,PDPK1_HUMAN_D0_1Z5M_A,23.8
2822,PDPK1_HUMAN_D0_3ORX_A,23.8
2823,PDPK1_HUMAN_D0_3HRF_A,23.8
2824,PDPK1_HUMAN_D0_3RCJ_A,23.8
2825,M3K14_MOUSE_D0_4G3G_A,23.8
2826,CDK6_HUMAN_D0_4TTH_B,23.8
2827,M3K14_MOUSE_D0_4G3F_A,23.8
2828,PDPK1_HUMAN_D0_3H9O_A,23.8
2829,M3K14_MOUSE_D0_4G3C_A,23.8
2830,PDPK1_HUMAN_D0_3OTU_A,23.8
2831,PDPK1_HUMAN_D0_3QCY_A,23.8
2832,PAK6_HUMAN_D0_2C30_A,23.8
2833,PDPK1_HUMAN_D0_2PE2_A,23.8
2834,PDPK1_HUMAN_D0_3ORZ_C,23.8
2835,PDPK1_HUMAN_D0_3QD0_A,23.8
2836,PDPK1_HUMAN_D0_4A06_A,23.8
2837,PDPK1_HUMAN_D0_1H1W_A,23.8
2838,PDPK1_HUMAN_D0_3QCS_A,23.8
2839,PDPK1_HUMAN_D0_3NUS_A,23.8
2840,CIPKN_ARATH_D0_4CZU_A,23.8
2841,PDPK1_HUMAN_D0_3QD3_A,23.8
2842,PDPK1_HUMAN_D0_1UVR_A,23.8
2843,PDPK1_HUMAN_D0_4AW1_A,23.8
2844,PAK6_HUMAN_D0_4KS8_A,23.8
2845,PAK6_HUMAN_D0_4KS7_A,23.8
2846,AURKA_MOUSE_D0_3DJ6_A,23.8
2847,PDPK1_HUMAN_D0_2PE1_A,23.8
2848,CIPKN_ARATH_D0_4CZU_B,23.8
2849,PDPK1_HUMAN_D0_3ORX_H,23.8
2850,PDPK1_HUMAN_D0_4A07_A,23.8
2851,M3K14_MOUSE_D0_4G3C_B,23.8
2852,AURKA_MOUSE_D0_3DJ5_A,23.8
2853,PDPK1_HUMAN_D0_3NUU_A,23.8
2854,PDPK1_HUMAN_D0_1UU7_A,23.8
2855,PDPK1_HUMAN_D0_3ORX_E,23.8
2856,PDPK1_HUMAN_D0_3ION_A,23.8
2857,PDPK1_HUMAN_D0_3RWP_A,23.8
2858,CIPKN_ARATH_D0_4CZT_B,23.8
2859,PDPK1_HUMAN_D0_4AW0_A,23.8
2860,PDPK1_HUMAN_D0_3ORX_G,23.8
2861,PDPK1_HUMAN_D0_1UU3_A,23.8
2862,PDPK1_HUMAN_D0_3QD4_A,23.8
2863,PDPK1_HUMAN_D0_3ORX_F,23.8
2864,CIPKN_ARATH_D0_4CZT_A,23.8
2865,PDPK1_HUMAN_D0_3NUN_A,23.8
2866,PDPK1_HUMAN_D0_3ORX_D,23.8
2867,PDPK1_HUMAN_D0_2R7B_A,23.8
2868,PDPK1_HUMAN_D0_3PWY_A,23.8
2869,PDPK1_HUMAN_D0_3IOP_A,23.8
2870,CIPKN_ARATH_D0_4CZU_C,23.8
2871,PDPK1_HUMAN_D0_3ORX_C,23.8
2872,PDPK1_HUMAN_D0_3QCQ_A,23.8
2873,PDPK1_HUMAN_D0_3RWQ_A,23.8
2874,PDPK1_HUMAN_D0_2BIY_A,23.8
2875,CIPKN_ARATH_D0_4CZT_D,23.8
2876,GSK3B_HUMAN_D0_2JLD_A,23.7
2877,CDK4_HUMAN_D0_2W99_B,23.7
2878,KAPCA_BOVIN_D0_2UW8_A,23.7
2879,STRAA_HUMAN_D0_2WTK_B,23.7
2880,CDK8_HUMAN_D0_4F6W_A,23.7
2881,CDK6_HUMAN_D0_2EUF_B,23.7
2882,ARBK1_BOVIN_D0_1YM7_B,23.7
2883,ARBK1_BOVIN_D0_3UZS_A,23.7
2884,ARBK1_BOVIN_D0_1OMW_A,23.7
2885,ARBK1_HUMAN_D0_3V5W_A,23.7
2886,ARBK1_BOVIN_D0_3PVU_A,23.7
2887,CDK6_HUMAN_D0_4EZ5_A,23.7
2888,AVR2B_HUMAN_D0_2QLU_A,23.7
2889,GSK3B_HUMAN_D0_1H8F_A,23.7
2890,STRAA_HUMAN_D0_2WTK_E,23.7
2891,CDK8_HUMAN_D0_4F6U_A,23.7
2892,CDK8_HUMAN_D0_4F7N_A,23.7
2893,ARBK1_BOVIN_D0_2BCJ_A,23.7
2894,ARBK1_BOVIN_D0_3UZT_A,23.7
2895,CDK8_HUMAN_D0_4F6S_A,23.7
2896,KAPCA_BOVIN_D0_2VNY_A,23.7
2897,CDK6_HUMAN_D0_1BI8_A,23.7
2898,KAPCA_BOVIN_D0_2GNH_A,23.7
2899,GRK6_HUMAN_D0_2ACX_B,23.7
2900,CDK6_HUMAN_D0_1BI8_C,23.7
2901,KAPCA_BOVIN_D0_2GNF_A,23.7
2902,ARBK1_HUMAN_D0_3KRW_A,23.7
2903,KAPCA_BOVIN_D0_2UW5_A,23.7
2904,CDK12_HUMAN_D0_4UN0_C,23.7
2905,STRAA_HUMAN_D0_3GNI_B,23.7
2906,CDK6_HUMAN_D0_1XO2_B,23.7
2907,ARBK1_BOVIN_D0_3PVW_A,23.7
2908,KAPCA_BOVIN_D0_2GNI_A,23.7
2909,CDK6_HUMAN_D0_1JOW_B,23.7
2910,CDK12_HUMAN_D0_4NST_A,23.7
2911,SRK2E_ARATH_D0_3UDB_C,23.7
2912,KAPCA_BOVIN_D0_2UVZ_A,23.7
2913,CDK12_HUMAN_D0_4CXA_C,23.7
2914,CDK6_HUMAN_D0_1BI7_A,23.7
2915,GRK6_HUMAN_D0_3NYN_B,23.7
2916,KAPCA_BOVIN_D0_2UW3_A,23.7
2917,CDK8_HUMAN_D0_4F7S_A,23.7
2918,ARBK1_HUMAN_D0_4PNK_A,23.7
2919,ARBK1_BOVIN_D0_1YM7_A,23.7
2920,GSK3B_HUMAN_D0_3PUP_B,23.7
2921,GSK3B_HUMAN_D0_3PUP_A,23.7
2922,CDK8_HUMAN_D0_4G6L_A,23.7
2923,ARBK1_BOVIN_D0_1YM7_C,23.7
2924,KCC2D_CAEEL_D0_3KL8_I,23.7
2925,KAPCA_BOVIN_D0_2GNG_A,23.7
2926,GSK3B_HUMAN_D0_1O9U_A,23.7
2927,CDK6_HUMAN_D0_3NUP_A,23.7
2928,ARBK1_BOVIN_D0_3PSC_A,23.7
2929,CDK8_HUMAN_D0_3RGF_A,23.7
2930,GRK6_HUMAN_D0_3NYO_B,23.7
2931,ARBK1_HUMAN_D0_3KRX_A,23.7
2932,GSK3B_HUMAN_D0_1UV5_A,23.7
2933,CDK6_HUMAN_D0_1BLX_A,23.7
2934,ARBK1_HUMAN_D0_4MK0_A,23.7
2935,ARBK1_HUMAN_D0_3CIK_A,23.7
2936,CDK8_HUMAN_D0_4F70_A,23.7
2937,CDK12_HUMAN_D0_4CXA_A,23.7
2938,GRK6_HUMAN_D0_3NYN_A,23.7
2939,KAPCA_BOVIN_D0_2UW6_A,23.7
2940,CDK8_HUMAN_D0_4F7L_A,23.7
2941,GSK3B_HUMAN_D0_1H8F_B,23.7
2942,GRK6_HUMAN_D0_3NYO_A,23.7
2943,ARBK1_BOVIN_D0_1YM7_D,23.7
2944,CDK6_HUMAN_D0_1G3N_E,23.7
2945,CDK8_HUMAN_D0_4F7J_A,23.7
2946,CDK4_HUMAN_D0_2W9Z_B,23.7
2947,KAPCA_BOVIN_D0_2VNW_A,23.7
2948,GRK6_HUMAN_D0_2ACX_A,23.7
2949,CDK6_HUMAN_D0_1G3N_A,23.7
2950,CDK12_HUMAN_D0_4NST_C,23.7
2951,KAPCA_BOVIN_D0_2JDT_A,23.6
2952,KAPCA_BOVIN_D0_1SZM_A,23.6
2953,M3K14_MOUSE_D0_4G3E_A,23.6
2954,KCC2B_HUMAN_D0_3BHH_C,23.6
2955,KCC2B_HUMAN_D0_3BHH_D,23.6
2956,KCC2B_HUMAN_D0_3BHH_B,23.6
2957,KCC2B_HUMAN_D0_3BHH_A,23.6
2958,MAPK2_HUMAN_D0_1NXK_B,23.6
2959,KAPCA_HUMAN_D0_3L9M_B,23.5
2960,KAPCA_HUMAN_D0_3L9M_A,23.5
2961,KS6A1_HUMAN_D0_2Z7Q_A,23.5
2962,ST17B_HUMAN_D0_3LM5_A,23.5
2963,KAPCA_BOVIN_D0_2GNJ_A,23.5
2964,KS6A1_HUMAN_D0_2Z7S_A,23.5
2965,KAPCA_BOVIN_D0_1Q61_A,23.5
2966,KS6A1_HUMAN_D0_2Z7R_A,23.5
2967,KAPCA_BOVIN_D0_2GNL_A,23.5
2968,MAPK3_HUMAN_D0_3FHR_A,23.4
2969,MAPK3_HUMAN_D0_3SHE_A,23.4
2970,MAPK3_HUMAN_D0_3R1N_A,23.4
2971,MAPK3_HUMAN_D0_3FXW_A,23.4
2972,KAPCA_HUMAN_D0_3AMA_A,23.4
2973,KAPCA_HUMAN_D0_3AMB_A,23.4
2974,CDK2_HUMAN_D0_2UZL_C,23.3
2975,CDK2_HUMAN_D0_4BCN_C,23.3
2976,CDK2_HUMAN_D0_1H26_C,23.3
2977,CDK2_HUMAN_D0_3R8L_A,23.3
2978,MK14_HUMAN_D0_1OUY_A,23.3
2979,CDK2_HUMAN_D0_2UZD_A,23.3
2980,CDK2_HUMAN_D0_1OIY_C,23.3
2981,CDK2_HUMAN_D0_3RJC_A,23.3
2982,CDK2_HUMAN_D0_3R8V_A,23.3
2983,CDK2_HUMAN_D0_2WIH_A,23.3
2984,CDK2_HUMAN_D0_3EOC_C,23.3
2985,CDK2_HUMAN_D0_4FKL_A,23.3
2986,MK14_HUMAN_D0_3UVP_A,23.3
2987,MK14_HUMAN_D0_3HRB_A,23.3
2988,MK14_HUMAN_D0_3ITZ_A,23.3
2989,CDK2_HUMAN_D0_1V1K_A,23.3
2990,CDK2_HUMAN_D0_2VTR_A,23.3
2991,MK14_HUMAN_D0_3ZS5_A,23.3
2992,CDK2_HUMAN_D0_3RM6_A,23.3
2993,CDK2_HUMAN_D0_4BCP_A,23.3
2994,CDK2_HUMAN_D0_1OL1_A,23.3
2995,MK14_HUMAN_D0_3ZSG_A,23.3
2996,CDK2_HUMAN_D0_1OKV_A,23.3
2997,CDK2_HUMAN_D0_3DOG_C,23.3
2998,MK14_HUMAN_D0_1M7Q_A,23.3
2999,MK14_MOUSE_D0_3TG1_A,23.3
3000,MK14_HUMAN_D0_3FKN_A,23.3
3001,MK14_HUMAN_D0_3BV3_A,23.3
3002,CDK2_HUMAN_D0_4FKS_A,23.3
3003,CDK2_HUMAN_D0_2CJM_A,23.3
3004,CDK2_HUMAN_D0_1PKD_A,23.3
3005,CDK2_HUMAN_D0_1Y91_A,23.3
3006,KS6B1_HUMAN_D0_4L45_A,23.3
3007,CDK2_HUMAN_D0_1P2A_A,23.3
3008,CDK2_HUMAN_D0_2VTA_A,23.3
3009,KS6A5_HUMAN_D1_3KN5_B,23.3
3010,CDK2_HUMAN_D0_2R3F_A,23.3
3011,CDK2_HUMAN_D0_2UZN_A,23.3
3012,CDK2_HUMAN_D0_1PXN_A,23.3
3013,CDK2_HUMAN_D0_4BCK_A,23.3
3014,CDK2_HUMAN_D0_1OKW_A,23.3
3015,MK14_HUMAN_D0_2LGC_A,23.3
3016,CDK2_HUMAN_D0_2C6L_A,23.3
3017,CDK2_HUMAN_D0_1URW_A,23.3
3018,CDK2_HUMAN_D0_2C5N_A,23.3
3019,CDK2_HUMAN_D0_2UZB_C,23.3
3020,MK14_HUMAN_D0_2BAL_A,23.3
3021,CDK2_HUMAN_D0_2VV9_A,23.3
3022,MK14_HUMAN_D0_3GFE_A,23.3
3023,CDK2_HUMAN_D0_1HCL_A,23.3
3024,MK14_HUMAN_D0_3CTQ_A,23.3
3025,MK14_HUMAN_D0_3O8P_A,23.3
3026,CDK2_HUMAN_D0_2B52_A,23.3
3027,CDK2_HUMAN_D0_2VTQ_A,23.3
3028,MK14_MOUSE_D0_3P5K_A,23.3
3029,CDK2_HUMAN_D0_2UZL_A,23.3
3030,CDK2_HUMAN_D0_2DS1_A,23.3
3031,CDK2_HUMAN_D0_2C6I_A,23.3
3032,MK14_MOUSE_D0_3P79_A,23.3
3033,MK14_HUMAN_D0_1WBO_A,23.3
3034,DAPK3_HUMAN_D0_3BHY_A,23.3
3035,MK14_HUMAN_D0_3LHJ_A,23.3
3036,CDK2_HUMAN_D0_3QTS_A,23.3
3037,CDK2_HUMAN_D0_2C6T_A,23.3
3038,CDK2_HUMAN_D0_2VTH_A,23.3
3039,MK14_HUMAN_D0_3RIN_A,23.3
3040,CDK2_HUMAN_D0_4EOS_A,23.3
3041,MK14_MOUSE_D0_2OZA_B,23.3
3042,CDK2_HUMAN_D0_4BCQ_C,23.3
3043,CDK2_HUMAN_D0_2XMY_A,23.3
3044,CDK2_HUMAN_D0_1OL2_A,23.3
3045,MK14_HUMAN_D0_2RG5_A,23.3
3046,CDK2_HUMAN_D0_2WHB_A,23.3
3047,CDK2_HUMAN_D0_3RK9_A,23.3
3048,CDK2_HUMAN_D0_4FX3_C,23.3
3049,MK14_HUMAN_D0_3HV5_B,23.3
3050,CDK2_HUMAN_D0_4EK4_A,23.3
3051,MK14_HUMAN_D0_4DLJ_A,23.3
3052,MK14_HUMAN_D0_1OVE_A,23.3
3053,MK14_HUMAN_D0_3NNX_A,23.3
3054,CDK2_HUMAN_D0_1FIN_C,23.3
3055,CDK2_HUMAN_D0_2C6M_A,23.3
3056,MK14_HUMAN_D0_4KIN_D,23.3
3057,MK14_HUMAN_D0_3OBG_A,23.3
3058,CDK2_HUMAN_D0_1OIQ_A,23.3
3059,CDK2_HUMAN_D0_3LE6_A,23.3
3060,MK14_HUMAN_D0_3KF7_A,23.3
3061,MK14_HUMAN_D0_2ONL_B,23.3
3062,CDK2_HUMAN_D0_3QHW_C,23.3
3063,MK14_HUMAN_D0_2OKR_D,23.3
3064,MK14_HUMAN_D0_3ODZ_X,23.3
3065,CDK2_HUMAN_D0_3ULI_A,23.3
3066,CDK2_HUMAN_D0_4EOM_A,23.3
3067,MK14_HUMAN_D0_4FA2_A,23.3
3068,CDK2_HUMAN_D0_3R1S_A,23.3
3069,MK14_MOUSE_D0_4LOQ_D,23.3
3070,MK14_HUMAN_D0_2ONL_A,23.3
3071,CDK2_HUMAN_D0_3R8U_A,23.3
3072,CDK2_HUMAN_D0_3R7I_A,23.3
3073,CDK2_HUMAN_D0_2UUE_A,23.3
3074,CDK2_HUMAN_D0_2VTM_A,23.3
3075,MK14_MOUSE_D0_1YWR_A,23.3
3076,MK14_HUMAN_D0_3GI3_A,23.3
3077,CDK2_HUMAN_D0_3R6X_A,23.3
3078,MK14_HUMAN_D0_4EH2_A,23.3
3079,MK14_HUMAN_D0_2I0H_A,23.3
3080,MK14_HUMAN_D0_2RG6_A,23.3
3081,MK14_HUMAN_D0_3E93_A,23.3
3082,MK14_HUMAN_D0_3NNV_A,23.3
3083,KS6B1_HUMAN_D0_3WF8_A,23.3
3084,CDK2_HUMAN_D0_2WXV_C,23.3
3085,CDK2_HUMAN_D0_3ROY_A,23.3
3086,CDK2_HUMAN_D0_3SQQ_A,23.3
3087,CDK2_HUMAN_D0_2VTO_A,23.3
3088,MK14_HUMAN_D0_2GFS_A,23.3
3089,CDK2_HUMAN_D0_3BHV_A,23.3
3090,CDK2_HUMAN_D0_1YKR_A,23.3
3091,CDK2_HUMAN_D0_2R64_A,23.3
3092,CDK2_HUMAN_D0_3R9D_A,23.3
3093,CDK2_HUMAN_D0_3R8P_A,23.3
3094,CDK2_HUMAN_D0_2CJM_C,23.3
3095,CDK2_HUMAN_D0_2WPA_C,23.3
3096,MK14_HUMAN_D0_4AA0_A,23.3
3097,MK14_HUMAN_D0_3LFB_A,23.3
3098,CDK2_HUMAN_D0_1E1X_A,23.3
3099,MK14_HUMAN_D0_3C5U_A,23.3
3100,CDK2_HUMAN_D0_3QXP_A,23.3
3101,MK14_HUMAN_D0_3HVC_A,23.3
3102,MK14_HUMAN_D0_3PG3_A,23.3
3103,CDK2_HUMAN_D0_4EK5_A,23.3
3104,CDK2_HUMAN_D0_1H1Q_A,23.3
3105,CDK2_HUMAN_D0_1H24_A,23.3
3106,MK14_HUMAN_D0_3GC7_A,23.3
3107,MK14_HUMAN_D0_3D7Z_A,23.3
3108,MK14_HUMAN_D0_3GCQ_A,23.3
3109,CDK2_HUMAN_D0_2WFY_C,23.3
3110,CDK2_HUMAN_D0_3DOG_A,23.3
3111,MK14_HUMAN_D0_4KIQ_D,23.3
3112,CDK2_HUMAN_D0_3QWK_A,23.3
3113,MK14_HUMAN_D0_3GCS_A,23.3
3114,CDK2_HUMAN_D0_1H1R_C,23.3
3115,CDK2_HUMAN_D0_2WHB_C,23.3
3116,CDK2_HUMAN_D0_1QMZ_C,23.3
3117,CDK2_HUMAN_D0_1FVV_A,23.3
3118,MK14_HUMAN_D0_1WFC_A,23.3
3119,MK14_HUMAN_D0_3FLY_A,23.3
3120,CDK2_HUMAN_D0_2WFY_A,23.3
3121,CDK2_HUMAN_D0_1JST_C,23.3
3122,MK14_HUMAN_D0_3MW1_A,23.3
3123,MK14_HUMAN_D0_3MVL_A,23.3
3124,MK14_MOUSE_D0_4LOO_A,23.3
3125,CDK2_HUMAN_D0_2J9M_A,23.3
3126,CDK2_HUMAN_D0_2B53_A,23.3
3127,MK14_HUMAN_D0_3OD6_X,23.3
3128,CDK2_HUMAN_D0_3QZI_A,23.3
3129,CDK2_HUMAN_D0_3TNW_C,23.3
3130,CDK2_HUMAN_D0_3IGG_A,23.3
3131,CDK2_HUMAN_D0_3BHT_A,23.3
3132,MK14_HUMAN_D0_1BL6_A,23.3
3133,KS6B1_HUMAN_D0_4L43_A,23.3
3134,CDK2_HUMAN_D0_1E9H_A,23.3
3135,CDK2_HUMAN_D0_3PXQ_A,23.3
3136,CDK2_HUMAN_D0_2W05_A,23.3
3137,CDK2_HUMAN_D0_3EZV_A,23.3
3138,CDK2_HUMAN_D0_3RMF_A,23.3
3139,CDK2_HUMAN_D0_2BPM_C,23.3
3140,MK14_MOUSE_D0_2EWA_A,23.3
3141,CDK2_HUMAN_D0_1AQ1_A,23.3
3142,CDK2_HUMAN_D0_3PJ8_A,23.3
3143,CDK2_HUMAN_D0_1KE9_A,23.3
3144,CDK2_HUMAN_D0_2C5O_A,23.3
3145,CDK2_HUMAN_D0_1GIJ_A,23.3
3146,KS6A5_HUMAN_D1_3KN5_A,23.3
3147,CDK2_HUMAN_D0_2BTR_A,23.3
3148,CDK2_HUMAN_D0_4FKU_A,23.3
3149,CDK2_HUMAN_D0_1H1S_C,23.3
3150,KS6B1_HUMAN_D0_4L42_A,23.3
3151,CDK2_HUMAN_D0_2C4G_C,23.3
3152,CDK2_HUMAN_D0_1H0W_A,23.3
3153,CDK2_HUMAN_D0_4CFW_C,23.3
3154,CDK2_HUMAN_D0_2C6O_A,23.3
3155,CDK2_HUMAN_D0_2VU3_A,23.3
3156,MK14_HUMAN_D0_3IW8_A,23.3
3157,MK14_HUMAN_D0_3HP5_A,23.3
3158,CDK2_HUMAN_D0_3PXY_A,23.3
3159,CDK2_HUMAN_D0_2W06_A,23.3
3160,MK14_HUMAN_D0_1A9U_A,23.3
3161,CDK2_HUMAN_D0_1URC_A,23.3
3162,MK14_HUMAN_D0_4A9Y_A,23.3
3163,CDK2_HUMAN_D0_4EOS_C,23.3
3164,CDK2_HUMAN_D0_2VTL_A,23.3
3165,CDK2_HUMAN_D0_3QQG_A,23.3
3166,MK14_HUMAN_D0_2OKR_A,23.3
3167,CDK2_HUMAN_D0_1W98_A,23.3
3168,CDK2_HUMAN_D0_3QTZ_A,23.3
3169,MK14_MOUSE_D0_3P7B_A,23.3
3170,CDK2_HUMAN_D0_3QQJ_A,23.3
3171,CDK2_HUMAN_D0_3LFN_A,23.3
3172,PKNB_MYCTU_D0_2FUM_B,23.3
3173,CDK2_HUMAN_D0_4BCM_C,23.3
3174,CDK2_HUMAN_D0_3R8M_A,23.3
3175,CDK2_HUMAN_D0_2C6K_A,23.3
3176,MK14_HUMAN_D0_3L8X_A,23.3
3177,CDK2_HUMAN_D0_2VTP_A,23.3
3178,MK14_HUMAN_D0_3UVQ_A,23.3
3179,PKNB_MYCTU_D0_2FUM_C,23.3
3180,CDK2_HUMAN_D0_2R3N_A,23.3
3181,CDK2_HUMAN_D0_4EOR_C,23.3
3182,CDK2_HUMAN_D0_3PY0_A,23.3
3183,MK14_HUMAN_D0_2YIX_A,23.3
3184,MK14_HUMAN_D0_3FKO_A,23.3
3185,IKKB_HUMAN_D0_4KIK_B,23.3
3186,MK14_HUMAN_D0_3HLL_A,23.3
3187,CDK2_HUMAN_D0_2I40_C,23.3
3188,CDK2_HUMAN_D0_1PXL_A,23.3
3189,MK14_HUMAN_D0_3FI4_A,23.3
3190,CDK2_HUMAN_D0_4BCO_A,23.3
3191,MK14_HUMAN_D0_4EH3_A,23.3
3192,MK14_HUMAN_D0_1BMK_A,23.3
3193,KS6B1_HUMAN_D0_3WF6_A,23.3
3194,CDK2_HUMAN_D0_3QL8_A,23.3
3195,CDK2_HUMAN_D0_4BCO_C,23.3
3196,CDK2_HUMAN_D0_4EOQ_A,23.3
3197,CDK2_HUMAN_D0_2CCH_A,23.3
3198,PHO85_YEAST_D0_2PMI_A,23.3
3199,CDK2_HUMAN_D0_1PXM_A,23.3
3200,MK14_HUMAN_D0_3HUB_A,23.3
3201,MK14_HUMAN_D0_3QUE_A,23.3
3202,CDK2_HUMAN_D0_1JSV_A,23.3
3203,CDK2_HUMAN_D0_4EK3_A,23.3
3204,CDK2_HUMAN_D0_1H26_A,23.3
3205,CDK2_HUMAN_D0_3R8Z_A,23.3
3206,MK14_HUMAN_D0_1R39_A,23.3
3207,CDK2_HUMAN_D0_2CCI_A,23.3
3208,CDK2_HUMAN_D0_1OI9_C,23.3
3209,MK14_HUMAN_D0_3HP2_A,23.3
3210,CDK2_HUMAN_D0_1KE6_A,23.3
3211,MK14_HUMAN_D0_3FKL_A,23.3
3212,CDK2_HUMAN_D0_3EID_A,23.3
3213,MK14_HUMAN_D0_1OUK_A,23.3
3214,CDK2_HUMAN_D0_4EOO_A,23.3
3215,MK14_MOUSE_D0_4LOQ_A,23.3
3216,CDK2_HUMAN_D0_4EON_C,23.3
3217,MK14_HUMAN_D0_2Y8O_A,23.3
3218,MK13_HUMAN_D0_4EYM_A,23.3
3219,MK14_MOUSE_D0_3P7C_A,23.3
3220,MK14_HUMAN_D0_3FMK_A,23.3
3221,CDK2_HUMAN_D0_3BHU_C,23.3
3222,CDK2_HUMAN_D0_2VTI_A,23.3
3223,MK14_HUMAN_D0_3FMH_A,23.3
3224,MK14_HUMAN_D0_4KIP_B,23.3
3225,CDK2_HUMAN_D0_4CFN_C,23.3
3226,MK14_HUMAN_D0_3HUC_A,23.3
3227,MK14_HUMAN_D0_3LFA_A,23.3
3228,MK14_MOUSE_D0_2PUU_A,23.3
3229,MK14_HUMAN_D0_4E6C_A,23.3
3230,CDK2_HUMAN_D0_3DDQ_C,23.3
3231,MK14_HUMAN_D0_2FSM_X,23.3
3232,MK14_HUMAN_D0_3ZSI_A,23.3
3233,CDK2_HUMAN_D0_3QX2_A,23.3
3234,CDK2_HUMAN_D0_2VTT_A,23.3
3235,CDK2_HUMAN_D0_3BHU_A,23.3
3236,CDK2_HUMAN_D0_3QU0_A,23.3
3237,MK14_HUMAN_D0_3MVL_B,23.3
3238,CDK2_HUMAN_D0_4BZD_A,23.3
3239,CDK2_HUMAN_D0_2WIP_C,23.3
3240,MK14_HUMAN_D0_3FLZ_A,23.3
3241,MK14_HUMAN_D0_3HV4_A,23.3
3242,CDK2_HUMAN_D0_3RZB_A,23.3
3243,CDK2_HUMAN_D0_3R9N_A,23.3
3244,CDK2_HUMAN_D0_1H28_A,23.3
3245,CDK2_HUMAN_D0_1PW2_A,23.3
3246,CDK2_HUMAN_D0_3EZR_A,23.3
3247,CDK2_HUMAN_D0_3QTU_A,23.3
3248,MK14_HUMAN_D0_4F9Y_A,23.3
3249,PKNB_MYCTU_D0_2FUM_D,23.3
3250,MK13_HUMAN_D0_3COI_A,23.3
3251,MK14_HUMAN_D0_3GCP_A,23.3
3252,CDK2_HUMAN_D0_1FVV_C,23.3
3253,CDK2_HUMAN_D0_4FKT_A,23.3
3254,MK14_HUMAN_D0_3HV7_A,23.3
3255,CDK2_HUMAN_D0_4I3Z_A,23.3
3256,CDK2_HUMAN_D0_1H1P_C,23.3
3257,MK14_MOUSE_D0_4LOP_B,23.3
3258,MK14_HUMAN_D0_3DS6_D,23.3
3259,CDK2_HUMAN_D0_1GY3_C,23.3
3260,CDK2_HUMAN_D0_3QHR_C,23.3
3261,CDK2_HUMAN_D0_2WMB_C,23.3
3262,MK14_HUMAN_D0_4KIN_C,23.3
3263,CDK2_HUMAN_D0_1KE5_A,23.3
3264,CDK2_HUMAN_D0_2UZD_C,23.3
3265,MK14_HUMAN_D0_3LFC_A,23.3
3266,MK14_MOUSE_D0_2GTM_A,23.3
3267,MK14_HUMAN_D0_4KIQ_C,23.3
3268,MK14_HUMAN_D0_3NNU_A,23.3
3269,MK14_HUMAN_D0_3DT1_A,23.3
3270,MK14_MOUSE_D0_4LOQ_C,23.3
3271,CDK2_HUMAN_D0_4EOK_C,23.3
3272,CDK2_HUMAN_D0_3R9H_A,23.3
3273,CDK2_HUMAN_D0_3R1Y_A,23.3
3274,CDK2_HUMAN_D0_2IW9_A,23.3
3275,CDK2_HUMAN_D0_2UZE_A,23.3
3276,CDK2_HUMAN_D0_1PXP_A,23.3
3277,CDK2_HUMAN_D0_1GZ8_A,23.3
3278,MK14_HUMAN_D0_4EHV_A,23.3
3279,CDK2_HUMAN_D0_3QQH_A,23.3
3280,MK14_HUMAN_D0_1KV2_A,23.3
3281,CDK2_HUMAN_D0_3R71_A,23.3
3282,CDK2_HUMAN_D0_1CKP_A,23.3
3283,CDK2_HUMAN_D0_2DUV_A,23.3
3284,CDK2_HUMAN_D0_1R78_A,23.3
3285,CDK2_HUMAN_D0_3RPV_A,23.3
3286,CDK2_HUMAN_D0_3IG7_A,23.3
3287,CDK2_HUMAN_D0_1H25_A,23.3
3288,CDK2_HUMAN_D0_3S1H_A,23.3
3289,MK14_HUMAN_D0_2NPQ_A,23.3
3290,MK14_HUMAN_D0_2QD9_A,23.3
3291,MK14_HUMAN_D0_3HV3_A,23.3
3292,CDK2_HUMAN_D0_1H1P_A,23.3
3293,MK14_HUMAN_D0_2FST_X,23.3
3294,CDK2_HUMAN_D0_3QTQ_A,23.3
3295,CDK2_HUMAN_D0_4EOR_A,23.3
3296,CDK2_HUMAN_D0_1GY3_A,23.3
3297,CDK2_HUMAN_D0_3S2P_A,23.3
3298,CDK2_HUMAN_D0_1H0V_A,23.3
3299,CDK2_HUMAN_D0_2R3G_A,23.3
3300,CDK2_HUMAN_D0_2BPM_A,23.3
3301,CDK2_HUMAN_D0_4EOL_C,23.3
3302,CDK2_HUMAN_D0_4II5_A,23.3
3303,CDK2_HUMAN_D0_3QHR_A,23.3
3304,MK14_HUMAN_D0_3OCG_A,23.3
3305,MK14_MOUSE_D0_4LOP_D,23.3
3306,CDK2_HUMAN_D0_4EOJ_A,23.3
3307,CDK2_HUMAN_D0_2WIP_A,23.3
3308,KS6B1_HUMAN_D0_3A60_B,23.3
3309,CDK2_HUMAN_D0_3RK7_A,23.3
3310,CDK2_HUMAN_D0_1FIN_A,23.3
3311,GSK3B_HUMAN_D0_3M1S_A,23.3
3312,CDK2_HUMAN_D0_3TIY_A,23.3
3313,MK14_HUMAN_D0_4F9W_A,23.3
3314,PKNB_MYCTU_D0_1O6Y_A,23.3
3315,PKNB_MYCTU_D0_3F69_A,23.3
3316,CDK2_HUMAN_D0_3RAK_A,23.3
3317,CDK2_HUMAN_D0_4FKI_A,23.3
3318,CDK2_HUMAN_D0_4EK6_A,23.3
3319,MK14_HUMAN_D0_3FLS_A,23.3
3320,CDK2_HUMAN_D0_2IW6_A,23.3
3321,MK14_HUMAN_D0_3FMM_A,23.3
3322,CDK2_HUMAN_D0_1E1V_A,23.3
3323,CDK2_HUMAN_D0_3PXF_A,23.3
3324,PKNB_MYCTU_D0_2FUM_A,23.3
3325,CDK2_HUMAN_D0_3RNI_A,23.3
3326,CDK2_HUMAN_D0_3RM7_A,23.3
3327,CDK2_HUMAN_D0_2C4G_A,23.3
3328,CDK2_HUMAN_D0_1B38_A,23.3
3329,CDK2_HUMAN_D0_1FQ1_B,23.3
3330,MK14_HUMAN_D0_3U8W_A,23.3
3331,CDK2_HUMAN_D0_2CLX_A,23.3
3332,KS6B1_HUMAN_D0_4L46_A,23.3
3333,MK14_HUMAN_D0_3FML_A,23.3
3334,MK14_HUMAN_D0_4EH4_A,23.3
3335,MK14_HUMAN_D0_4KIN_B,23.3
3336,CDK2_HUMAN_D0_4CFW_A,23.3
3337,MK14_HUMAN_D0_3LFE_A,23.3
3338,MK14_HUMAN_D0_3FSK_A,23.3
3339,CDK2_HUMAN_D0_2IW9_C,23.3
3340,CDK2_HUMAN_D0_3EOC_A,23.3
3341,MK14_HUMAN_D0_2ZB1_A,23.3
3342,MK14_HUMAN_D0_3MGY_A,23.3
3343,CDK2_HUMAN_D0_3WBL_A,23.3
3344,CDK2_HUMAN_D0_3R28_A,23.3
3345,MK14_HUMAN_D0_1W84_A,23.3
3346,MK14_HUMAN_D0_3E92_A,23.3
3347,MK14_HUMAN_D0_3NEW_A,23.3
3348,CDK2_HUMAN_D0_1F5Q_C,23.3
3349,MK14_HUMAN_D0_3IW5_A,23.3
3350,CDK2_HUMAN_D0_1OGU_A,23.3
3351,MK14_HUMAN_D0_3GCU_A,23.3
3352,MK14_HUMAN_D0_3HV6_A,23.3
3353,CDK2_HUMAN_D0_1DI8_A,23.3
3354,CDK2_HUMAN_D0_1H1R_A,23.3
3355,MK14_HUMAN_D0_4AA4_A,23.3
3356,MK14_HUMAN_D0_3K3I_A,23.3
3357,MK14_HUMAN_D0_3DS6_B,23.3
3358,MK14_MOUSE_D0_4LOQ_B,23.3
3359,CDK2_HUMAN_D0_3QXO_A,23.3
3360,CDK2_HUMAN_D0_4EON_A,23.3
3361,CDK2_HUMAN_D0_1PKD_C,23.3
3362,CDK2_HUMAN_D0_2I40_A,23.3
3363,CDK2_HUMAN_D0_2UZE_C,23.3
3364,MK14_HUMAN_D0_3LFF_A,23.3
3365,CDK2_HUMAN_D0_3QZF_A,23.3
3366,MK14_HUMAN_D0_4AAC_A,23.3
3367,MK14_HUMAN_D0_1KV1_A,23.3
3368,KS6B1_HUMAN_D0_3WF5_A,23.3
3369,KS6B1_HUMAN_D0_3WF9_A,23.3
3370,CDK2_HUMAN_D0_3R7E_A,23.3
3371,MK14_HUMAN_D0_1ZZ2_A,23.3
3372,CDK2_HUMAN_D0_3DDP_C,23.3
3373,MK14_HUMAN_D0_3HEC_A,23.3
3374,MK14_HUMAN_D0_4E5A_X,23.3
3375,MK14_HUMAN_D0_2YIW_A,23.3
3376,CDK2_HUMAN_D0_3SW7_A,23.3
3377,CDK2_HUMAN_D0_3QZH_A,23.3
3378,CDK2_HUMAN_D0_2WIH_C,23.3
3379,MK14_HUMAN_D0_2BAK_A,23.3
3380,CDK2_HUMAN_D0_2XNB_A,23.3
3381,CDK2_HUMAN_D0_3RPO_A,23.3
3382,MK14_HUMAN_D0_4KIQ_B,23.3
3383,CDK2_HUMAN_D0_3DDP_A,23.3
3384,MK14_HUMAN_D0_3OEF_X,23.3
3385,KS6B1_HUMAN_D0_4L44_A,23.3
3386,CDK2_HUMAN_D0_3QHW_A,23.3
3387,MK14_HUMAN_D0_4EH6_A,23.3
3388,CDK2_HUMAN_D0_2W1H_A,23.3
3389,CDK2_HUMAN_D0_4BGH_A,23.3
3390,CDK2_HUMAN_D0_3DDQ_A,23.3
3391,CDK2_HUMAN_D0_2UZO_A,23.3
3392,CDK2_HUMAN_D0_4BCK_C,23.3
3393,MK14_HUMAN_D0_1WBW_A,23.3
3394,KS6B1_HUMAN_D0_4L3J_A,23.3
3395,CDK2_HUMAN_D0_3RAI_A,23.3
3396,CDK2_HUMAN_D0_1OIY_A,23.3
3397,MK14_HUMAN_D0_4AA5_A,23.3
3398,CDK2_HUMAN_D0_3LFS_A,23.3
3399,CDK2_HUMAN_D0_1GIH_A,23.3
3400,CDK2_HUMAN_D0_1FVT_A,23.3
3401,CDK2_HUMAN_D0_1VYW_A,23.3
3402,CDK2_HUMAN_D0_1E9H_C,23.3
3403,CDK2_HUMAN_D0_2V0D_A,23.3
3404,MK14_HUMAN_D0_4E5B_A,23.3
3405,MK14_HUMAN_D0_4KIP_A,23.3
3406,MK14_MOUSE_D0_1LEZ_A,23.3
3407,CDK2_HUMAN_D0_1HCK_A,23.3
3408,CDK2_HUMAN_D0_3UNK_A,23.3
3409,CDK2_HUMAN_D0_1OGU_C,23.3
3410,MK14_HUMAN_D0_4KIQ_A,23.3
3411,CDK2_HUMAN_D0_1PF8_A,23.3
3412,CDK2_HUMAN_D0_3SW4_A,23.3
3413,MK14_HUMAN_D0_3IPH_A,23.3
3414,CDK2_HUMAN_D0_2JGZ_A,23.3
3415,CDK2_HUMAN_D0_3S0O_A,23.3
3416,CDK2_HUMAN_D0_4FKP_A,23.3
3417,CDK2_HUMAN_D0_2X1N_A,23.3
3418,CDK2_HUMAN_D0_1PXK_A,23.3
3419,MK14_HUMAN_D0_3MH0_A,23.3
3420,MK14_MOUSE_D0_4LOP_A,23.3
3421,MK14_HUMAN_D0_1W83_A,23.3
3422,MK14_HUMAN_D0_3BX5_A,23.3
3423,CDK2_HUMAN_D0_2FVD_A,23.3
3424,CDK2_HUMAN_D0_1H25_C,23.3
3425,MK14_HUMAN_D0_1ZZL_A,23.3
3426,SRK2E_ARATH_D0_3UDB_E,23.3
3427,MK14_HUMAN_D0_3NWW_A,23.3
3428,CDK2_HUMAN_D0_3QTW_A,23.3
3429,MK14_HUMAN_D0_3BV2_A,23.3
3430,CDK2_HUMAN_D0_1H24_C,23.3
3431,CDK2_HUMAN_D0_2BHH_A,23.3
3432,CDK2_HUMAN_D0_2V22_C,23.3
3433,CDK2_HUMAN_D0_2CCI_C,23.3
3434,CDK2_HUMAN_D0_2WMA_C,23.3
3435,CDK2_HUMAN_D0_2A4L_A,23.3
3436,CDK2_HUMAN_D0_2WMB_A,23.3
3437,CDK2_HUMAN_D0_4FKJ_A,23.3
3438,CDK2_HUMAN_D0_3RPR_A,23.3
3439,CDK2_HUMAN_D0_1P5E_A,23.3
3440,CDK2_HUMAN_D0_4EOO_C,23.3
3441,CDK2_HUMAN_D0_1OKW_C,23.3
3442,MK14_HUMAN_D0_3FL4_A,23.3
3443,CDK2_HUMAN_D0_2G9X_A,23.3
3444,CDK2_HUMAN_D0_3R7U_A,23.3
3445,CDK2_HUMAN_D0_3EID_C,23.3
3446,CDK2_HUMAN_D0_2C68_A,23.3
3447,MK14_HUMAN_D0_3MVM_A,23.3
3448,CDK2_HUMAN_D0_1Y8Y_A,23.3
3449,MK14_HUMAN_D0_2ZB0_A,23.3
3450,CDK2_HUMAN_D0_1OI9_A,23.3
3451,CDK2_HUMAN_D0_3F5X_C,23.3
3452,CDK2_HUMAN_D0_2B54_A,23.3
3453,CDK2_HUMAN_D0_3TI1_A,23.3
3454,CDK2_HUMAN_D0_1H01_A,23.3
3455,CDK2_HUMAN_D0_3EJ1_A,23.3
3456,MK14_HUMAN_D0_3ZSH_A,23.3
3457,CDK2_HUMAN_D0_2C5V_A,23.3
3458,CDK2_HUMAN_D0_1H28_C,23.3
3459,CDK2_HUMAN_D0_2VTJ_A,23.3
3460,CDK2_HUMAN_D0_1PXJ_A,23.3
3461,CDK2_HUMAN_D0_3QWJ_A,23.3
3462,CDK2_HUMAN_D0_2R3Q_A,23.3
3463,CDK2_HUMAN_D0_4EOI_C,23.3
3464,CDK2_HUMAN_D0_3QTR_A,23.3
3465,CDK2_HUMAN_D0_2BKZ_C,23.3
3466,CDK2_HUMAN_D0_1OIT_A,23.3
3467,CDK2_HUMAN_D0_2C5X_C,23.3
3468,CDK2_HUMAN_D0_1W8C_A,23.3
3469,MK14_HUMAN_D0_1W7H_A,23.3
3470,CDK2_HUMAN_D0_1PXI_A,23.3
3471,CDK2_HUMAN_D0_1P5E_C,23.3
3472,CDK2_HUMAN_D0_2R3R_A,23.3
3473,CDK2_HUMAN_D0_4EOK_A,23.3
3474,CDK2_HUMAN_D0_1W0X_C,23.3
3475,MK14_HUMAN_D0_4EWQ_A,23.3
3476,MK14_HUMAN_D0_3HV4_B,23.3
3477,KS6B1_HUMAN_D0_3A61_A,23.3
3478,CDK2_HUMAN_D0_2V22_A,23.3
3479,MK14_HUMAN_D0_4EH8_A,23.3
3480,CDK2_HUMAN_D0_3LFQ_A,23.3
3481,DAPK3_HUMAN_D0_2J90_B,23.3
3482,CDK2_HUMAN_D0_4CFN_A,23.3
3483,CDK2_HUMAN_D0_2CCH_C,23.3
3484,CDK2_HUMAN_D0_1JST_A,23.3
3485,CDK2_HUMAN_D0_1OL1_C,23.3
3486,MK14_MOUSE_D0_3P78_A,23.3
3487,CDK2_HUMAN_D0_3EJ1_C,23.3
3488,MK14_MOUSE_D0_2GTN_A,23.3
3489,CDK2_HUMAN_D0_2C6T_C,23.3
3490,CDK2_HUMAN_D0_2C5Y_A,23.3
3491,DAPK3_HUMAN_D0_2J90_A,23.3
3492,CDK2_HUMAN_D0_3QQF_A,23.3
3493,CDK2_HUMAN_D0_2WEV_C,23.3
3494,CDK2_HUMAN_D0_3RPY_A,23.3
3495,MK14_HUMAN_D0_3S4Q_A,23.3
3496,CDK2_HUMAN_D0_2BKZ_A,23.3
3497,CDK2_HUMAN_D0_2B55_A,23.3
3498,MK14_HUMAN_D0_3IW6_A,23.3
3499,CDK2_HUMAN_D0_1GII_A,23.3
3500,MK14_HUMAN_D0_4EH9_A,23.3
3501,CDK2_HUMAN_D0_1G5S_A,23.3
3502,CDK2_HUMAN_D0_3QQK_A,23.3
3503,CDK2_HUMAN_D0_3S00_A,23.3
3504,MK14_HUMAN_D0_3LFD_A,23.3
3505,MK14_HUMAN_D0_3ROC_A,23.3
3506,MK14_HUMAN_D0_2FSO_X,23.3
3507,CDK2_HUMAN_D0_3NS9_A,23.3
3508,MK14_HUMAN_D0_1WBV_A,23.3
3509,CDK2_HUMAN_D0_2C5N_C,23.3
3510,MK14_HUMAN_D0_3UVR_A,23.3
3511,MK14_HUMAN_D0_3D83_A,23.3
3512,CDK2_HUMAN_D0_3QTX_A,23.3
3513,CDK2_HUMAN_D0_2C5O_C,23.3
3514,CDK2_HUMAN_D0_2A0C_X,23.3
3515,CDK2_HUMAN_D0_3PXZ_A,23.3
3516,CDK2_HUMAN_D0_3BHT_C,23.3
3517,CDK2_HUMAN_D0_1JVP_P,23.3
3518,CDK2_HUMAN_D0_1URC_C,23.3
3519,CDK2_HUMAN_D0_3PXR_A,23.3
3520,CDK2_HUMAN_D0_1F5Q_A,23.3
3521,MK13_HUMAN_D0_4EYJ_A,23.3
3522,CDK2_HUMAN_D0_2C5X_A,23.3
3523,CDK2_HUMAN_D0_4LYN_A,23.3
3524,MK14_HUMAN_D0_1ZYJ_A,23.3
3525,MK14_HUMAN_D0_3IW7_A,23.3
3526,MK14_HUMAN_D0_2YIS_A,23.3
3527,CDK2_HUMAN_D0_1H07_A,23.3
3528,CDK2_HUMAN_D0_2VTN_A,23.3
3529,CDK2_HUMAN_D0_3RKB_A,23.3
3530,MK14_HUMAN_D0_3GCU_B,23.3
3531,MK14_HUMAN_D0_3FLQ_A,23.3
3532,KS6A5_HUMAN_D1_3KN6_A,23.3
3533,CDK2_HUMAN_D0_1B39_A,23.3
3534,CDK2_HUMAN_D0_3RAL_A,23.3
3535,CDK2_HUMAN_D0_1QMZ_A,23.3
3536,CDK2_HUMAN_D0_4FKQ_A,23.3
3537,MK14_HUMAN_D0_1WBN_A,23.3
3538,CDK2_HUMAN_D0_2WXV_A,23.3
3539,MK14_HUMAN_D0_3MPT_A,23.3
3540,CDK2_HUMAN_D0_1BUH_A,23.3
3541,CDK2_HUMAN_D0_1DM2_A,23.3
3542,CDK2_HUMAN_D0_4FKG_A,23.3
3543,CDK2_HUMAN_D0_1WCC_A,23.3
3544,CDK2_HUMAN_D0_2C5V_C,23.3
3545,CDK2_HUMAN_D0_3R73_A,23.3
3546,MK14_HUMAN_D0_3HV5_A,23.3
3547,CDK2_HUMAN_D0_3QQL_A,23.3
3548,CDK2_HUMAN_D0_1OL2_C,23.3
3549,CDK2_HUMAN_D0_2BHE_A,23.3
3550,MK14_MOUSE_D0_3P7A_A,23.3
3551,MK14_HUMAN_D0_4GEO_A,23.3
3552,CDK2_HUMAN_D0_1OIR_A,23.3
3553,CDK2_HUMAN_D0_1H08_A,23.3
3554,CDK2_HUMAN_D0_1H1S_A,23.3
3555,MK14_HUMAN_D0_3S3I_A,23.3
3556,CDK2_HUMAN_D0_1H27_A,23.3
3557,MK14_MOUSE_D0_3P4K_A,23.3
3558,KS6B1_HUMAN_D0_4L3L_A,23.3
3559,MK14_HUMAN_D0_3MVM_B,23.3
3560,CDK4_HUMAN_D0_2W96_B,23.3
3561,MK14_HUMAN_D0_3OC1_A,23.3
3562,DAPK3_HUMAN_D0_1YRP_B,23.3
3563,CDK2_HUMAN_D0_1PXO_A,23.3
3564,MK14_HUMAN_D0_3DS6_C,23.3
3565,MK14_MOUSE_D0_2GHL_A,23.3
3566,MK14_HUMAN_D0_1YQJ_A,23.3
3567,MK14_HUMAN_D0_3FLW_A,23.3
3568,CDK2_HUMAN_D0_3QRU_A,23.3
3569,CDK2_HUMAN_D0_1OIU_A,23.3
3570,CDK2_HUMAN_D0_3QZG_A,23.3
3571,CDK2_HUMAN_D0_3R7Y_A,23.3
3572,CDK2_HUMAN_D0_2R3L_A,23.3
3573,CDK2_HUMAN_D0_4ERW_A,23.3
3574,CDK2_HUMAN_D0_2R3O_A,23.3
3575,MK14_HUMAN_D0_4L8M_A,23.3
3576,CDK2_HUMAN_D0_4EZ3_A,23.3
3577,CDK2_HUMAN_D0_1KE7_A,23.3
3578,MK14_HUMAN_D0_3FLN_C,23.3
3579,CDK2_HUMAN_D0_2R3H_A,23.3
3580,CDK2_HUMAN_D0_1OKV_C,23.3
3581,CDK2_HUMAN_D0_3R9O_A,23.3
3582,CDK2_HUMAN_D0_3QX4_A,23.3
3583,MK14_HUMAN_D0_1WBS_A,23.3
3584,MK14_HUMAN_D0_3ODY_X,23.3
3585,PKNB_MYCTU_D0_1MRU_A,23.3
3586,CDK2_HUMAN_D0_4FKR_A,23.3
3587,CDK2_HUMAN_D0_2IW8_A,23.3
3588,MK14_HUMAN_D0_1WBT_A,23.3
3589,MK14_MOUSE_D0_4LOP_C,23.3
3590,CDK2_HUMAN_D0_1H1Q_C,23.3
3591,PKNB_MYCTU_D0_1MRU_B,23.3
3592,CDK2_HUMAN_D0_4ACM_A,23.3
3593,MK14_HUMAN_D0_3HEG_A,23.3
3594,CDK2_HUMAN_D0_4EOJ_C,23.3
3595,CDK2_HUMAN_D0_1H00_A,23.3
3596,CDK2_HUMAN_D0_4FKW_A,23.3
3597,MK14_HUMAN_D0_1R3C_A,23.3
3598,CDK2_HUMAN_D0_1VYZ_A,23.3
3599,CDK2_HUMAN_D0_2WEV_A,23.3
3600,CDK2_HUMAN_D0_3F5X_A,23.3
3601,CDK2_HUMAN_D0_4BCN_A,23.3
3602,MK14_HUMAN_D0_2ZAZ_A,23.3
3603,CDK2_HUMAN_D0_2BTS_A,23.3
3604,CDK2_HUMAN_D0_3FZ1_A,23.3
3605,CDK2_HUMAN_D0_3UNJ_A,23.3
3606,CDK2_HUMAN_D0_3R83_A,23.3
3607,CDK2_HUMAN_D0_4FX3_A,23.3
3608,CDK2_HUMAN_D0_2VTS_A,23.3
3609,CDK2_HUMAN_D0_2IW6_C,23.3
3610,CDK2_HUMAN_D0_2X1N_C,23.3
3611,CDK2_HUMAN_D0_3QRT_A,23.3
3612,CDK2_HUMAN_D0_4BCM_A,23.3
3613,KS6B1_HUMAN_D0_3A60_A,23.3
3614,CDK2_HUMAN_D0_2IW8_C,23.3
3615,MK14_HUMAN_D0_3HA8_A,23.3
3616,MK14_HUMAN_D0_3DS6_A,23.3
3617,CDK2_HUMAN_D0_4II5_C,23.3
3618,MK14_HUMAN_D0_4E6A_A,23.3
3619,CDK2_HUMAN_D0_3TNW_A,23.3
3620,MK14_HUMAN_D0_3ZYA_A,23.3
3621,CDK2_HUMAN_D0_3PY1_A,23.3
3622,CDK2_HUMAN_D0_4GCJ_A,23.3
3623,CDK2_HUMAN_D0_2WPA_A,23.3
3624,MK14_HUMAN_D0_1DI9_A,23.3
3625,MK14_HUMAN_D0_3KQ7_A,23.3
3626,CDK2_HUMAN_D0_4EOP_C,23.3
3627,MK14_HUMAN_D0_4EH5_A,23.3
3628,MK14_HUMAN_D0_4KIN_A,23.3
3629,CDK2_HUMAN_D0_2UZB_A,23.3
3630,MK14_HUMAN_D0_2BAJ_A,23.3
3631,MK13_HUMAN_D0_4EXU_A,23.3
3632,MK14_HUMAN_D0_3FSF_A,23.3
3633,CDK2_HUMAN_D0_4FKV_A,23.3
3634,CDK2_HUMAN_D0_2G9X_C,23.3
3635,MK14_MOUSE_D0_1P38_A,23.3
3636,CDK2_HUMAN_D0_4BCQ_A,23.3
3637,MK14_HUMAN_D0_1BL7_A,23.3
3638,CDK2_HUMAN_D0_3MY5_C,23.3
3639,CDK2_HUMAN_D0_4EOI_A,23.3
3640,CDK2_HUMAN_D0_4EOL_A,23.3
3641,DAPK3_HUMAN_D0_3BQR_A,23.3
3642,MK14_HUMAN_D0_1OZ1_A,23.3
3643,MK14_MOUSE_D0_4KA3_A,23.3
3644,CDK2_HUMAN_D0_2C69_A,23.3
3645,CDK2_HUMAN_D0_3MY5_A,23.3
3646,CDK2_HUMAN_D0_3R7V_A,23.3
3647,CDK2_HUMAN_D0_1KE8_A,23.3
3648,CDK2_HUMAN_D0_2R3P_A,23.3
3649,CDK2_HUMAN_D0_4KD1_A,23.3
3650,CDK2_HUMAN_D0_4EOQ_C,23.3
3651,CDK2_HUMAN_D0_2WMA_A,23.3
3652,DAPK3_HUMAN_D0_1YRP_A,23.3
3653,CDK2_HUMAN_D0_1PYE_A,23.3
3654,CDK2_HUMAN_D0_4EZ7_A,23.3
3655,MK14_HUMAN_D0_3GCV_A,23.3
3656,CDK2_HUMAN_D0_3RK5_A,23.3
3657,CDK2_HUMAN_D0_1H27_C,23.3
3658,MK14_HUMAN_D0_4EH7_A,23.3
3659,MK14_HUMAN_D0_3L8S_A,23.3
3660,MK14_HUMAN_D0_3NNW_A,23.3
3661,CDK2_HUMAN_D0_4EOM_C,23.3
3662,CDK2_HUMAN_D0_1VYW_C,23.3
3663,CDK2_HUMAN_D0_4EK8_A,23.3
3664,MK14_HUMAN_D0_3QUD_A,23.3
3665,MK14_HUMAN_D0_3HL7_A,23.3
3666,CDK2_HUMAN_D0_4FKO_A,23.3
3667,MK14_HUMAN_D0_1W82_A,23.3
3668,CDK2_HUMAN_D0_2EXM_A,23.3
3669,CDK2_HUMAN_D0_1OIU_C,23.3
3670,CDK2_HUMAN_D0_3TIZ_A,23.3
3671,MK14_MOUSE_D0_1LEW_A,23.3
3672,CDK2_HUMAN_D0_3R1Q_A,23.3
3673,CDK2_HUMAN_D0_3BHV_C,23.3
3674,CDK2_HUMAN_D0_3RAH_A,23.3
3675,MK14_HUMAN_D0_3FMN_A,23.3
3676,CDK2_HUMAN_D0_4BCP_C,23.3
3677,CDK2_HUMAN_D0_2R3I_A,23.3
3678,CDK2_HUMAN_D0_2UUE_C,23.3
3679,CDK2_HUMAN_D0_4I3Z_C,23.3
3680,PKNG_MYCTU_D0_2PZI_B,23.2
3681,KCC4_HUMAN_D0_2W4O_A,23.1
3682,M3K14_HUMAN_D0_4DN5_B,23.0
3683,PAK4_HUMAN_D0_2BVA_B,23.0
3684,PAK4_HUMAN_D0_4JDI_A,23.0
3685,ST17B_HUMAN_D0_3LM0_A,23.0
3686,M3K14_HUMAN_D0_4IDV_D,23.0
3687,M3K14_HUMAN_D0_4IDV_A,23.0
3688,M3K14_HUMAN_D0_4IDV_C,23.0
3689,PAK4_HUMAN_D0_4JDJ_A,23.0
3690,PAK4_HUMAN_D0_2X4Z_A,23.0
3691,PAK4_HUMAN_D0_4FIJ_A,23.0
3692,PAK4_HUMAN_D0_4NJD_A,23.0
3693,PAK4_HUMAN_D0_4JDH_A,23.0
3694,PAK4_HUMAN_D0_2BVA_A,23.0
3695,PAK4_HUMAN_D0_4O0V_A,23.0
3696,PAK4_HUMAN_D0_2J0I_A,23.0
3697,PAK4_HUMAN_D0_4FIH_A,23.0
3698,PAK4_HUMAN_D0_2CDZ_A,23.0
3699,PAK4_HUMAN_D0_4O0X_A,23.0
3700,M3K14_HUMAN_D0_4G3D_D,23.0
3701,CDK6_HUMAN_D0_3NUX_A,23.0
3702,M3K14_HUMAN_D0_4IDT_A,23.0
3703,STK11_HUMAN_D0_2WTK_F,23.0
3704,M3K14_HUMAN_D0_4G3D_A,23.0
3705,PAK4_HUMAN_D0_4FII_A,23.0
3706,PAK4_HUMAN_D0_4JDK_A,23.0
3707,M3K14_HUMAN_D0_4DN5_A,23.0
3708,STK11_HUMAN_D0_2WTK_C,23.0
3709,PAK4_HUMAN_D0_4FIG_A,23.0
3710,PAK4_HUMAN_D0_4FIF_B,23.0
3711,M3K14_HUMAN_D0_4IDT_B,23.0
3712,PAK4_HUMAN_D0_4FIE_A,23.0
3713,M3K14_HUMAN_D0_4IDV_B,23.0
3714,PAK4_HUMAN_D0_4FIF_A,23.0
3715,PAK4_HUMAN_D0_4O0Y_A,23.0
3716,PAK4_HUMAN_D0_2Q0N_A,23.0
3717,M3K14_HUMAN_D0_4G3D_B,23.0
3718,PAK4_HUMAN_D0_4L67_A,23.0
3719,PAK4_HUMAN_D0_4APP_A,23.0
3720,PAK4_HUMAN_D0_4FIE_B,23.0
3721,PAK4_HUMAN_D0_4FIG_B,23.0
3722,CSKP_HUMAN_D0_3C0H_A,22.9
3723,CSK21_HUMAN_D0_3BQC_A,22.9
3724,CSKP_HUMAN_D0_3C0G_B,22.9
3725,CSK21_HUMAN_D0_4MD9_G,22.9
3726,CSK21_HUMAN_D0_4MD7_H,22.9
3727,CSKP_HUMAN_D0_3C0I_A,22.9
3728,CDK2_HUMAN_D0_4EOP_A,22.9
3729,CSK21_HUMAN_D0_4DGL_C,22.9
3730,CSK21_HUMAN_D0_4MD8_H,22.9
3731,CSKP_HUMAN_D0_3MFR_A,22.9
3732,CSK21_HUMAN_D0_3QA0_B,22.9
3733,CSK21_HUMAN_D0_3OWK_A,22.9
3734,CSK21_HUMAN_D0_4MD9_P,22.9
3735,CSK21_RAT_D0_2R7I_A,22.9
3736,CSK21_HUMAN_D0_4MD9_L,22.9
3737,ERN1_MOUSE_D0_4PL4_C,22.9
3738,CSK21_HUMAN_D0_3RPS_A,22.9
3739,CSK21_RAT_D0_2R7I_C,22.9
3740,CSKP_HUMAN_D0_3MFS_A,22.9
3741,CSK21_HUMAN_D0_2ZJW_A,22.9
3742,CSK21_HUMAN_D0_3Q9Y_A,22.9
3743,CSK21_HUMAN_D0_4GUB_A,22.9
3744,IKKB_HUMAN_D0_4E3C_F,22.9
3745,CSK21_HUMAN_D0_3NSZ_A,22.9
3746,CSK21_HUMAN_D0_1PJK_A,22.9
3747,CSK21_HUMAN_D0_3NGA_B,22.9
3748,CSK21_HUMAN_D0_3WIK_A,22.9
3749,ERN1_MOUSE_D0_4PL4_B,22.9
3750,CSK21_HUMAN_D0_3U9C_A,22.9
3751,CSK21_HUMAN_D0_1JWH_B,22.9
3752,CSK21_HUMAN_D0_3AMY_A,22.9
3753,CSK21_HUMAN_D0_4MD9_K,22.9
3754,IKKB_HUMAN_D0_4E3C_E,22.9
3755,CSK21_HUMAN_D0_4MD8_G,22.9
3756,CSK21_HUMAN_D0_4IB5_A,22.9
3757,CSKP_HUMAN_D0_3TAC_A,22.9
3758,CSK21_HUMAN_D0_4IB5_B,22.9
3759,CSK21_HUMAN_D0_3AT2_A,22.9
3760,CSK21_HUMAN_D0_3RPS_B,22.9
3761,CSK21_HUMAN_D0_4DGL_D,22.9
3762,CSK21_HUMAN_D0_3AT3_A,22.9
3763,CSK21_HUMAN_D0_4MD9_M,22.9
3764,CSK21_HUMAN_D0_3WAR_A,22.9
3765,CSKP_HUMAN_D0_3MFT_A,22.9
3766,CSK21_HUMAN_D0_3FWQ_A,22.9
3767,CSK21_HUMAN_D0_3AXW_A,22.9
3768,CSK21_HUMAN_D0_3JUH_B,22.9
3769,CSK21_HUMAN_D0_1NA7_A,22.9
3770,CSK21_HUMAN_D0_4KWP_A,22.9
3771,CSK21_HUMAN_D0_3U87_A,22.9
3772,CSK21_HUMAN_D0_4MD9_F,22.9
3773,CLK2_HUMAN_D0_3NR9_A,22.9
3774,DYRK2_HUMAN_D0_4AZF_A,22.9
3775,CSK21_HUMAN_D0_4MD8_F,22.9
3776,CSK21_HUMAN_D0_4IB5_C,22.9
3777,ERN1_MOUSE_D0_4PL5_B,22.9
3778,CSK21_HUMAN_D0_3QA0_A,22.9
3779,CSK21_HUMAN_D0_4MD8_E,22.9
3780,CSK21_HUMAN_D0_4GRB_A,22.9
3781,KS6B1_HUMAN_D0_3WF7_A,22.9
3782,CSK21_HUMAN_D0_3JUH_A,22.9
3783,CSK21_HUMAN_D0_3PE2_A,22.9
3784,CSK21_HUMAN_D0_3NGA_A,22.9
3785,CSK21_HUMAN_D0_3OWL_A,22.9
3786,IKKB_HUMAN_D0_4E3C_D,22.9
3787,CSK21_HUMAN_D0_4MD7_F,22.9
3788,CSK21_HUMAN_D0_3Q9Z_A,22.9
3789,ERN1_MOUSE_D0_4PL5_A,22.9
3790,CSKP_HUMAN_D0_3C0H_B,22.9
3791,CLK2_HUMAN_D0_3NR9_C,22.9
3792,CSK21_HUMAN_D0_4BXA_B,22.9
3793,IKKB_HUMAN_D0_4E3C_C,22.9
3794,CSK21_HUMAN_D0_3Q9X_B,22.9
3795,ERN1_MOUSE_D0_4PL3_A,22.9
3796,CSK21_HUMAN_D0_3Q9W_A,22.9
3797,CSK21_RAT_D0_2R7I_D,22.9
3798,CSK21_HUMAN_D0_3U4U_A,22.9
3799,CSK21_HUMAN_D0_3FWQ_B,22.9
3800,CSK21_HUMAN_D0_3H30_A,22.9
3801,ERN1_MOUSE_D0_4PL3_B,22.9
3802,CSK21_HUMAN_D0_3Q04_A,22.9
3803,CSK21_HUMAN_D0_2PVR_A,22.9
3804,CSK21_HUMAN_D0_3OWJ_A,22.9
3805,CSK21_HUMAN_D0_3PE1_A,22.9
3806,CSK21_HUMAN_D0_3W8L_A,22.9
3807,ERN1_MOUSE_D0_4PL4_D,22.9
3808,CSK21_HUMAN_D0_3Q9X_A,22.9
3809,CSK21_HUMAN_D0_3R0T_A,22.9
3810,CSKP_HUMAN_D0_3C0G_A,22.9
3811,KAE1B_METJA_D0_3EN9_B,22.9
3812,CSK21_HUMAN_D0_4BXB_A,22.9
3813,CSK21_HUMAN_D0_3MB6_A,22.9
3814,KS6B1_HUMAN_D0_3WE4_A,22.9
3815,MK14_MOUSE_D0_3PY3_A,22.9
3816,CSK21_HUMAN_D0_4NH1_A,22.9
3817,CSK21_HUMAN_D0_4MD9_H,22.9
3818,CSK21_HUMAN_D0_4MD7_E,22.9
3819,ERN1_MOUSE_D0_4PL4_A,22.9
3820,CSK21_HUMAN_D0_4BXA_A,22.9
3821,CSK21_HUMAN_D0_3U9C_B,22.9
3822,CSK21_RAT_D0_2R7I_B,22.9
3823,CSK21_HUMAN_D0_4FBX_A,22.9
3824,CSK21_HUMAN_D0_4MD9_E,22.9
3825,CSK21_HUMAN_D0_4MD7_G,22.9
3826,MK14_HUMAN_D0_3K3J_A,22.9
3827,ERN1_MOUSE_D0_4PL5_C,22.9
3828,CSK21_HUMAN_D0_3MB7_A,22.9
3829,CSK21_HUMAN_D0_4NH1_B,22.9
3830,CSKP_HUMAN_D0_3MFU_A,22.9
3831,CSK21_HUMAN_D0_3W8L_B,22.9
3832,CLK2_HUMAN_D0_3NR9_B,22.9
3833,CSK21_HUMAN_D0_3C13_A,22.9
3834,IKKB_HUMAN_D0_4E3C_A,22.9
3835,CSK21_HUMAN_D0_3WIL_A,22.9
3836,CSK21_HUMAN_D0_1JWH_A,22.9
3837,ERN1_MOUSE_D0_4PL5_D,22.9
3838,CSK21_HUMAN_D0_3U87_B,22.9
3839,CSK21_HUMAN_D0_3Q9Z_B,22.9
3840,CSK21_HUMAN_D0_3AT4_A,22.9
3841,CSK21_HUMAN_D0_3H30_B,22.9
3842,PKNG_MYCTU_D0_2PZI_A,22.8
3843,MAPK2_HUMAN_D0_3M42_A,22.7
3844,MAPK2_HUMAN_D0_3KGA_A,22.7
3845,MAPK2_HUMAN_D0_3M2W_A,22.7
3846,KCC2G_HUMAN_D0_2V7O_A,22.6
3847,GAK_HUMAN_D0_4O38_B,22.6
3848,E2AK2_HUMAN_D0_2A19_B,22.6
3849,MK14_HUMAN_D0_4E8A_A,22.5
3850,PHKG1_RABIT_D0_2PHK_A,22.5
3851,CLK3_HUMAN_D0_2EU9_A,22.5
3852,MK14_HUMAN_D0_2FSL_X,22.5
3853,KKCC2_HUMAN_D0_2ZV2_A,22.5
3854,CLK3_HUMAN_D0_3RAW_A,22.5
3855,PHKG1_RABIT_D0_1PHK_A,22.5
3856,CDK2_HUMAN_D0_2R3J_A,22.5
3857,MAPK2_HUMAN_D0_3A2C_H,22.5
3858,MAPK2_HUMAN_D0_3A2C_C,22.5
3859,DYRK2_HUMAN_D0_3KVW_A,22.5
3860,DYRK2_HUMAN_D0_3K2L_A,22.5
3861,CLK3_HUMAN_D0_2WU7_A,22.5
3862,CLK3_HUMAN_D0_3RAW_B,22.5
3863,PHKG1_RABIT_D0_1QL6_A,22.5
3864,CLK3_HUMAN_D0_2WU6_A,22.5
3865,MK14_HUMAN_D0_3FMJ_A,22.5
3866,CDK2_HUMAN_D0_2R3M_A,22.5
3867,CDK6_HUMAN_D0_2F2C_B,22.5
3868,MAPK2_HUMAN_D0_3A2C_L,22.4
3869,MAPK2_HUMAN_D0_1NXK_C,22.4
3870,KAE1B_METJA_D0_3EN9_A,22.4
3871,KPCT_HUMAN_D0_1XJD_A,22.4
3872,KPCI_HUMAN_D0_3A8X_A,22.1
3873,MK14_MOUSE_D0_2GHM_A,22.1
3874,ERN1_HUMAN_D0_3P23_A,22.1
3875,CDK6_HUMAN_D0_4AUA_A,22.1
3876,MAPK2_HUMAN_D0_1NXK_D,22.1
3877,KPCI_MOUSE_D0_4DC2_A,22.1
3878,CDC2H_PLAFK_D0_1V0O_A,22.1
3879,KPCI_HUMAN_D0_3A8X_B,22.1
3880,AKT2_HUMAN_D0_3D0E_A,22.1
3881,CDC2H_PLAFK_D0_1OB3_B,22.1
3882,AKT2_HUMAN_D0_3E8D_B,22.1
3883,CDC2H_PLAFK_D0_1V0P_B,22.1
3884,KPCI_HUMAN_D0_3A8W_B,22.1
3885,KPCT_HUMAN_D0_4Q9Z_B,22.1
3886,ERN1_HUMAN_D0_4U6R_A,22.1
3887,AKT2_HUMAN_D0_3E87_A,22.1
3888,KPCT_HUMAN_D0_2JED_B,22.1
3889,KPCT_HUMAN_D0_4Q9Z_A,22.1
3890,AKT2_HUMAN_D0_1MRY_A,22.1
3891,CDC2H_PLAFK_D0_1OB3_A,22.1
3892,AKT2_HUMAN_D0_2JDO_A,22.1
3893,ERN1_HUMAN_D0_3P23_C,22.1
3894,CDKL3_HUMAN_D0_3ZDU_A,22.1
3895,AKT2_HUMAN_D0_1O6K_A,22.1
3896,MKNK1_HUMAN_D0_2HW6_A,22.1
3897,AKT2_HUMAN_D0_2X39_A,22.1
3898,KPCI_HUMAN_D0_3ZH8_B,22.1
3899,CDC2H_PLAFK_D0_1V0B_B,22.1
3900,CDC2H_PLAFK_D0_1V0O_B,22.1
3901,AKT2_HUMAN_D0_2XH5_A,22.1
3902,KPCI_HUMAN_D0_3A8W_A,22.1
3903,AKT2_HUMAN_D0_1MRV_A,22.1
3904,AKT2_HUMAN_D0_1GZO_A,22.1
3905,MAPK2_HUMAN_D0_3R30_A,22.1
3906,KPCT_HUMAN_D0_4RA5_A,22.1
3907,AKT2_HUMAN_D0_3E88_B,22.1
3908,MKNK1_HUMAN_D0_2HW6_B,22.1
3909,AKT2_HUMAN_D0_2UW9_A,22.1
3910,AKT2_HUMAN_D0_1GZN_A,22.1
3911,AKT2_HUMAN_D0_3E88_A,22.1
3912,KPCI_HUMAN_D0_1ZRZ_A,22.1
3913,CSK22_HUMAN_D0_3E3B_X,22.1
3914,AKT2_HUMAN_D0_3E87_B,22.1
3915,KPCI_HUMAN_D0_3ZH8_C,22.1
3916,ERN1_HUMAN_D0_3P23_B,22.1
3917,CDK2_HUMAN_D0_2R3K_A,22.1
3918,KPCT_HUMAN_D0_2JED_A,22.1
3919,ERN1_HUMAN_D0_3P23_D,22.1
3920,AKT2_HUMAN_D0_1GZK_A,22.1
3921,KPCT_HUMAN_D0_4RA5_B,22.1
3922,E2AK2_HUMAN_D0_2A1A_B,22.1
3923,CDC2H_PLAFK_D0_1V0B_A,22.1
3924,AKT2_HUMAN_D0_2JDR_A,22.1
3925,CDC2H_PLAFK_D0_1V0P_A,22.1
3926,AKT2_HUMAN_D0_1O6L_A,22.1
3927,AKT2_HUMAN_D0_3E8D_A,22.1
3928,CSK22_HUMAN_D0_3OFM_A,22.1
3929,KPCI_HUMAN_D0_3ZH8_A,22.1
3930,KAE1B_METJA_D0_3ENH_A,22.0
3931,GAK_HUMAN_D0_4O38_A,21.9
3932,GAK_HUMAN_D0_4C58_A,21.8
3933,CDK2_HUMAN_D0_4NJ3_A,21.8
3934,GAK_HUMAN_D0_4C57_B,21.8
3935,CDK12_HUMAN_D0_4UN0_D,21.8
3936,GAK_HUMAN_D0_4C57_A,21.8
3937,GAK_HUMAN_D0_4C59_A,21.8
3938,MK14_MOUSE_D0_1YW2_A,21.8
3939,KAE1B_METJA_D0_2VWB_A,21.7
3940,TITIN_HUMAN_D0_4JNW_B,21.6
3941,TITIN_HUMAN_D0_1TKI_A,21.6
3942,TITIN_HUMAN_D0_4JNW_A,21.6
3943,MAPK2_HUMAN_D0_2JBP_I,21.6
3944,TITIN_HUMAN_D0_1TKI_B,21.6
3945,MAPK2_HUMAN_D0_2JBP_A,21.4
3946,MAPK2_HUMAN_D0_3KC3_I,21.4
3947,MAPK2_HUMAN_D0_3KA0_A,21.4
3948,MAPK2_HUMAN_D0_3GOK_B,21.4
3949,PAK1_HUMAN_D0_4O0T_B,21.4
3950,PAK1_HUMAN_D0_1F3M_D,21.4
3951,MAPK2_HUMAN_D0_2P3G_X,21.4
3952,PAK1_HUMAN_D0_3FY0_A,21.4
3953,MAPK2_HUMAN_D0_3WI6_B,21.4
3954,MAPK2_HUMAN_D0_2PZY_C,21.4
3955,MAPK2_HUMAN_D0_3WI6_E,21.4
3956,MAPK2_HUMAN_D0_3GOK_C,21.4
3957,PAK1_HUMAN_D0_1YHV_A,21.4
3958,MAPK2_HUMAN_D0_3WI6_C,21.4
3959,MAPK2_HUMAN_D0_3GOK_F,21.4
3960,MAPK2_HUMAN_D0_3R2B_G,21.4
3961,MAPK2_HUMAN_D0_3KC3_A,21.4
3962,MAPK2_HUMAN_D0_1NY3_A,21.4
3963,MAPK2_HUMAN_D0_3FYJ_X,21.4
3964,MAPK2_HUMAN_D0_2JBP_L,21.4
3965,MAPK2_HUMAN_D0_3R2B_J,21.4
3966,MAPK2_HUMAN_D0_2JBP_G,21.4
3967,PAK1_HUMAN_D0_3Q4Z_B,21.4
3968,MAPK2_HUMAN_D0_3GOK_G,21.4
3969,MK14_HUMAN_D0_1IAN_A,21.4
3970,MAPK2_HUMAN_D0_3A2C_I,21.4
3971,PAK1_HUMAN_D0_4O0R_A,21.4
3972,MAPK2_HUMAN_D0_2PZY_D,21.4
3973,MAPK2_HUMAN_D0_3WI6_A,21.4
3974,MAPK2_HUMAN_D0_3KC3_J,21.4
3975,MAPK2_HUMAN_D0_3WI6_D,21.4
3976,MAPK2_HUMAN_D0_3KC3_E,21.4
3977,PAK1_HUMAN_D0_4P90_A,21.4
3978,MAPK2_HUMAN_D0_2JBO_A,21.4
3979,PAK1_HUMAN_D0_4O0R_B,21.4
3980,MAPK2_HUMAN_D0_1KWP_A,21.4
3981,CLK1_HUMAN_D0_2VAG_A,21.4
3982,MAPK2_HUMAN_D0_3GOK_H,21.4
3983,E2AK2_HUMAN_D0_3UIU_B,21.4
3984,MAPK2_HUMAN_D0_2JBP_D,21.4
3985,MAPK2_HUMAN_D0_3GOK_I,21.4
3986,MAPK2_HUMAN_D0_3GOK_D,21.4
3987,MAPK2_HUMAN_D0_2PZY_A,21.4
3988,MAPK2_HUMAN_D0_3KC3_K,21.4
3989,MAPK2_HUMAN_D0_3R2B_I,21.4
3990,MAPK2_HUMAN_D0_3GOK_E,21.4
3991,PAK1_HUMAN_D0_1YHW_A,21.4
3992,MAPK2_HUMAN_D0_3R2B_D,21.4
3993,MAPK2_HUMAN_D0_3GOK_A,21.4
3994,MAPK2_HUMAN_D0_3A2C_A,21.4
3995,MAPK2_HUMAN_D0_3WI6_F,21.4
3996,MK14_HUMAN_D0_3MH1_A,21.4
3997,MAPK2_HUMAN_D0_3R2B_H,21.4
3998,MAPK2_HUMAN_D0_3KC3_L,21.4
3999,MAPK2_HUMAN_D0_3A2C_K,21.4
4000,MAPK2_HUMAN_D0_3R2B_B,21.4
4001,MAPK2_HUMAN_D0_2JBP_J,21.4
4002,MAPK2_HUMAN_D0_2JBP_C,21.4
4003,MAPK2_HUMAN_D0_3A2C_E,21.4
4004,MAPK2_HUMAN_D0_1KWP_B,21.4
4005,MAPK2_HUMAN_D0_2JBP_B,21.4
4006,MAPK2_HUMAN_D0_2JBP_K,21.4
4007,MAPK2_HUMAN_D0_3FPM_A,21.4
4008,MAPK2_HUMAN_D0_2JBP_H,21.4
4009,PAK1_HUMAN_D0_4DAW_A,21.4
4010,MAPK2_HUMAN_D0_2PZY_B,21.4
4011,MAPK2_HUMAN_D0_3KC3_D,21.4
4012,MAPK2_HUMAN_D0_3A2C_D,21.4
4013,MAPK2_HUMAN_D0_3GOK_K,21.4
4014,MAPK2_HUMAN_D0_3R2Y_A,21.4
4015,PAK1_HUMAN_D0_3FXZ_A,21.4
4016,PAK1_HUMAN_D0_4EQC_A,21.4
4017,MAPK2_HUMAN_D0_3R2B_C,21.4
4018,MAPK2_HUMAN_D0_3KC3_H,21.4
4019,MAPK2_HUMAN_D0_3A2C_G,21.4
4020,CLK1_HUMAN_D0_1Z57_A,21.4
4021,CDK2_HUMAN_D0_2W17_A,21.4
4022,MAPK2_HUMAN_D0_3GOK_J,21.4
4023,MAPK2_HUMAN_D0_3KC3_C,21.4
4024,PAK1_HUMAN_D0_3Q53_A,21.4
4025,E2AK2_HUMAN_D0_3UIU_A,21.4
4026,MAPK2_HUMAN_D0_3KC3_G,21.4
4027,PAK1_HUMAN_D0_1F3M_C,21.4
4028,MAPK2_HUMAN_D0_3A2C_F,21.4
4029,MAPK2_HUMAN_D0_3FYK_X,21.4
4030,MAPK2_HUMAN_D0_2ONL_C,21.4
4031,MAPK2_HUMAN_D0_3R2B_A,21.4
4032,MAPK2_HUMAN_D0_3A2C_J,21.4
4033,MAPK2_HUMAN_D0_3KC3_B,21.4
4034,MAPK2_HUMAN_D0_3A2C_B,21.4
4035,PAK1_HUMAN_D0_4O0T_A,21.4
4036,MAPK2_HUMAN_D0_3R2B_K,21.4
4037,PAK1_HUMAN_D0_2HY8_1,21.4
4038,MAPK2_HUMAN_D0_3GOK_L,21.4
4039,PAK1_HUMAN_D0_4P90_B,21.4
4040,MAPK2_HUMAN_D0_2JBP_E,21.4
4041,PAK1_HUMAN_D0_3Q52_A,21.4
4042,MAPK2_HUMAN_D0_3R2B_E,21.4
4043,MAPK2_HUMAN_D0_2OZA_A,21.4
4044,MAPK2_HUMAN_D0_2JBP_F,21.4
4045,MAPK2_HUMAN_D0_3KC3_F,21.4
4046,MAPK2_HUMAN_D0_3R2B_L,21.4
4047,MAPK2_HUMAN_D0_3R2B_F,21.4
4048,KAE1B_METJA_D0_2VWB_B,21.2
4049,KPCL_HUMAN_D0_3TXO_A,21.2
4050,MK14_HUMAN_D0_3FC1_X,21.0
4051,TTBK1_HUMAN_D0_4NFM_A,21.0
4052,TTBK1_HUMAN_D0_4BTJ_B,21.0
4053,TTBK1_HUMAN_D0_4BTJ_A,21.0
4054,TTBK1_HUMAN_D0_4NFN_A,21.0
4055,MK14_HUMAN_D0_4DLI_A,21.0
4056,TTBK1_HUMAN_D0_4BTK_A,21.0
4057,BMP2K_HUMAN_D0_4W9X_A,21.0
4058,TTBK1_HUMAN_D0_4BTM_A,21.0
4059,TTBK1_HUMAN_D0_4BTM_B,21.0
4060,UNC22_CAEEL_D0_1KOA_A,20.7
4061,UNC22_CAEEL_D0_3UTO_B,20.7
4062,UNC22_CAEEL_D0_3UTO_A,20.7
4063,RK_BOVIN_D0_3QC9_D,20.6
4064,RK_BOVIN_D0_3T8O_A,20.6
4065,RK_BOVIN_D0_4L9I_B,20.6
4066,RK_BOVIN_D0_3C51_A,20.6
4067,MK14_HUMAN_D0_3MPA_A,20.6
4068,RK_BOVIN_D0_3C4Y_A,20.6
4069,MK14_HUMAN_D0_3O8T_A,20.6
4070,RK_BOVIN_D0_3QC9_B,20.6
4071,RK_BOVIN_D0_4WBO_A,20.6
4072,RK_BOVIN_D0_3C50_B,20.6
4073,RK_BOVIN_D0_3C4X_A,20.6
4074,RK_BOVIN_D0_4WBO_D,20.6
4075,RK_BOVIN_D0_4WBO_B,20.6
4076,RK_BOVIN_D0_3C4Y_B,20.6
4077,RK_BOVIN_D0_3C4X_B,20.6
4078,RK_BOVIN_D0_3QC9_A,20.6
4079,MK14_HUMAN_D0_3MH2_A,20.6
4080,RK_BOVIN_D0_3C51_B,20.6
4081,RK_BOVIN_D0_3C4Z_A,20.6
4082,MK14_HUMAN_D0_3OBJ_A,20.6
4083,RK_BOVIN_D0_4PNI_A,20.6
4084,RK_BOVIN_D0_3QC9_C,20.6
4085,MK14_HUMAN_D0_3O8U_A,20.6
4086,RK_BOVIN_D0_3C4W_A,20.6
4087,RK_BOVIN_D0_4WBO_C,20.6
4088,RK_BOVIN_D0_4L9I_A,20.6
4089,RK_BOVIN_D0_3C4W_B,20.6
4090,KPCA_HUMAN_D0_3IW4_B,20.5
4091,KPCA_HUMAN_D0_3IW4_C,20.5
4092,RIO1_ARCFU_D0_3RE4_B,20.5
4093,RIO1_ARCFU_D0_4JIN_A,20.5
4094,KPCB_HUMAN_D0_2I0E_A,20.5
4095,KPCA_HUMAN_D0_3IW4_A,20.5
4096,RIO1_ARCFU_D0_1ZP9_B,20.5
4097,KPCB_HUMAN_D0_2I0E_B,20.5
4098,RIO1_ARCFU_D0_3RE4_A,20.5
4099,KPCB_RAT_D0_3PFQ_A,20.5
4100,MK14_HUMAN_D0_3MH3_A,20.2
4101,HASP_HUMAN_D0_4QTC_A,20.2
4102,HASP_HUMAN_D0_3E7V_A,20.2
4103,KC1G1_HUMAN_D0_2CMW_A,20.2
4104,HASP_HUMAN_D0_3F2N_A,20.2
4105,HASP_HUMAN_D0_4OUC_A,20.2
4106,HASP_HUMAN_D0_2VUW_A,20.2
4107,HASP_HUMAN_D0_3FMD_A,20.2
4108,HASP_HUMAN_D0_3DLZ_A,20.2
4109,AAK1_HUMAN_D0_4WSQ_A,20.2
4110,HASP_HUMAN_D0_2WB8_A,20.2
4111,BMP2K_HUMAN_D0_4W9W_A,20.2
4112,HASP_HUMAN_D0_3IQ7_A,20.2
4113,AAK1_HUMAN_D0_4WSQ_B,20.2
4114,RN5A_HUMAN_D0_4OAV_D,19.8
4115,RN5A_HUMAN_D0_4OAV_B,19.8
4116,RIO1_ARCFU_D0_1ZTH_B,19.8
4117,RN5A_HUMAN_D0_4OAU_C,19.8
4118,KC1G3_HUMAN_D0_2IZR_A,19.5
4119,KC1G3_HUMAN_D0_4HGL_A,19.5
4120,KC1G3_HUMAN_D0_4G16_A,19.5
4121,NAHK_BIFL2_D0_4OCQ_A,19.5
4122,KC1G3_HUMAN_D0_2CHL_A,19.5
4123,KC1G3_HUMAN_D0_2IZT_A,19.5
4124,KC1G3_HUMAN_D0_2IZS_A,19.5
4125,KC1G3_HUMAN_D0_4G17_A,19.5
4126,KC1G3_HUMAN_D0_4HGS_A,19.5
4127,KC1G3_HUMAN_D0_2IZU_A,19.5
4128,PKNE_MYCTU_D0_2H34_A,19.4
4129,PKNE_MYCTU_D0_2H34_B,19.4
4130,KC1D_RAT_D0_1CKI_B,19.1
4131,KC1D_RAT_D0_1CKI_A,19.1
4132,KC1D_HUMAN_D0_4TWC_A,19.1
4133,RIO1_ARCFU_D0_1ZP9_A,19.0
4134,RIO1_ARCFU_D0_1ZTH_A,19.0
4135,KC1E_HUMAN_D0_4HOK_I,18.7
4136,CKI1_SCHPO_D0_1EH4_A,18.7
4137,CKI1_SCHPO_D0_1EH4_B,18.7
4138,KC1E_HUMAN_D0_4HOK_W,18.7
4139,KC1E_HUMAN_D0_4HOK_M,18.7
4140,KC1E_HUMAN_D0_4HOK_U,18.7
4141,KC1E_HUMAN_D0_4HOK_O,18.7
4142,CKI1_SCHPO_D0_2CSN_A,18.7
4143,KC1E_HUMAN_D0_4HOK_A,18.7
4144,KC1E_HUMAN_D0_4HOK_C,18.7
4145,KC1E_HUMAN_D0_4HNI_A,18.7
4146,KC1E_HUMAN_D0_4HOK_S,18.7
4147,KC1E_HUMAN_D0_4HOK_G,18.7
4148,KC1E_HUMAN_D0_4HOK_E,18.7
4149,KC1E_HUMAN_D0_4HOK_K,18.7
4150,CKI1_SCHPO_D0_1CSN_A,18.7
4151,KC1E_HUMAN_D0_4HNI_B,18.7
4152,KC1E_HUMAN_D0_4HOK_Q,18.7
4153,RIO1_ARCFU_D0_1ZTF_A,18.6
4154,KC1D_HUMAN_D0_4KBK_D,18.3
4155,KC1D_RAT_D0_1CKJ_A,18.3
4156,KC1D_HUMAN_D0_4HNF_A,18.3
4157,KC1D_HUMAN_D0_4TW9_A,18.3
4158,KC1D_HUMAN_D0_4KBC_B,18.3
4159,KC1D_HUMAN_D0_4KBK_B,18.3
4160,KC1D_HUMAN_D0_3UYT_A,18.3
4161,KC1D_HUMAN_D0_4KBA_A,18.3
4162,KC1D_HUMAN_D0_3UYT_C,18.3
4163,KC1D_HUMAN_D0_4HGT_A,18.3
4164,KC1D_HUMAN_D0_4KBC_A,18.3
4165,KC1D_HUMAN_D0_4KBK_C,18.3
4166,KC1D_HUMAN_D0_4KBK_A,18.3
4167,KC1D_HUMAN_D0_4HGT_B,18.3
4168,KC1D_HUMAN_D0_3UZP_A,18.3
4169,KC1D_HUMAN_D0_3UYS_D,18.3
4170,KC1D_MOUSE_D0_4JJR_A,18.3
4171,KC1D_HUMAN_D0_3UYS_C,18.3
4172,KC1D_HUMAN_D0_3UYT_D,18.3
4173,KC1D_HUMAN_D0_3UYS_B,18.3
4174,KC1D_HUMAN_D0_4KB8_B,18.3
4175,KC1D_HUMAN_D0_3UYT_B,18.3
4176,KC1D_RAT_D0_1CKJ_B,18.3
4177,KC1D_MOUSE_D0_4JJR_B,18.3
4178,KC1D_HUMAN_D0_4HNF_B,18.3
4179,KC1D_HUMAN_D0_4TWC_B,18.3
4180,KC1D_HUMAN_D0_4KB8_D,18.3
4181,KC1D_HUMAN_D0_4KBA_D,18.3
4182,KC1D_HUMAN_D0_3UYS_A,18.3
4183,KC1D_HUMAN_D0_4KBA_C,18.3
4184,KC1D_HUMAN_D0_4KBA_B,18.3
4185,KC1D_HUMAN_D0_4KB8_C,18.3
4186,KC1D_HUMAN_D0_3UZP_B,18.3
4187,KC1D_HUMAN_D0_4KB8_A,18.3
4188,RIO1_ARCFU_D0_1ZTH_D,18.2
4189,RIO1_ARCFU_D0_1ZP9_D,18.2
4190,RIO1_ARCFU_D0_1ZP9_C,17.4
4191,RIO1_ARCFU_D0_1ZTH_C,17.4
4192,NAHK_BIFL2_D0_4OCK_A,17.2
4193,KC1G2_HUMAN_D0_2C47_D,17.2
4194,NAHK_BIFL2_D0_4OCJ_A,17.2
4195,NAHK_BIFL2_D0_4OCP_A,17.2
4196,KC1G2_HUMAN_D0_2C47_B,17.2
4197,NAHK_BIFL2_D0_4OCO_A,17.2
4198,KC1G2_HUMAN_D0_2C47_C,17.2
4199,KC1G2_HUMAN_D0_2C47_A,17.2
4200,PAN3_YEAST_D0_4Q8J_H,16.9
4201,PAN3_NEUCR_D0_4CZY_B,15.3
4202,PAN3_NEUCR_D0_4BWX_A,15.3
4203,PAN3_NEUCR_D0_4CZY_D,15.3
4204,PAN3_YEAST_D0_4Q8J_C,14.7
4205,PAN3_YEAST_D0_4Q8J_L,14.7
4206,PAN3_YEAST_D0_4Q8J_I,14.7
4207,PAN3_YEAST_D0_4Q8J_F,14.7
4208,PAN3_NEUCR_D0_4BWX_B,14.1
