templateid,seqid,rmsd
LCK_HUMAN_D0_2ZYB_A,100.0,0.2508262097835541
LCK_HUMAN_D0_1QPC_A,100.0,0.2865175008773804
LCK_HUMAN_D0_3BYU_A,100.0,0.5619905591011047
LCK_HUMAN_D0_3AD5_A,100.0,0.2488950788974762
LCK_HUMAN_D0_2OF4_A,100.0,0.2753413915634155
LCK_HUMAN_D0_3AC2_A,100.0,0.2415894567966461
LCK_HUMAN_D0_3ACJ_A,100.0,0.2362712472677231
LCK_HUMAN_D0_3AC1_A,100.0,0.2796967029571533
LCK_HUMAN_D0_2ZM1_A,100.0,0.2988346219062805
LCK_HUMAN_D0_3MPM_A,100.0,0.5490142107009888
LCK_HUMAN_D0_2OG8_B,100.0,0.6504979729652405
LCK_HUMAN_D0_2OFV_A,100.0,0.4003027379512787
LCK_HUMAN_D0_2OG8_A,100.0,0.6533207297325134
LCK_HUMAN_D0_2PL0_A,100.0,0.5202006697654724
LCK_HUMAN_D0_2OFV_B,100.0,0.4464394152164459
LCK_HUMAN_D0_2OF2_A,100.0,0.2665010690689087
LCK_HUMAN_D0_2OFU_A,100.0,0.2517995834350586
LCK_HUMAN_D0_3ACK_A,100.0,0.2454261779785156
LCK_HUMAN_D0_3KMM_A,100.0,0.2884075343608856
LCK_HUMAN_D0_3AD6_A,100.0,0.2561274170875549
LCK_HUMAN_D0_2ZM4_A,100.0,0.256205290555954
LCK_HUMAN_D0_3BYS_A,100.0,0.4700957834720612
LCK_HUMAN_D0_3AD4_A,100.0,0.3053752183914185
LCK_HUMAN_D0_3AC4_A,100.0,0.21798190474510196
LCK_HUMAN_D0_3AC5_A,100.0,0.2543310523033142
LCK_HUMAN_D0_3LCK_A,100.0,0.2979568541049957
LCK_HUMAN_D0_4C3F_A,100.0,0.5319380164146423
LCK_HUMAN_D0_3B2W_A,100.0,0.3201459050178528
LCK_HUMAN_D0_1QPJ_A,100.0,0.2696161568164825
LCK_HUMAN_D0_3BYM_A,100.0,0.2830622792243957
LCK_HUMAN_D0_3AC8_A,100.0,0.2486497312784195
LCK_HUMAN_D0_1QPE_A,100.0,0.2638914585113525
LCK_HUMAN_D0_3BYO_A,100.0,0.25227439403533936
LCK_HUMAN_D0_3KXZ_A,100.0,0.2605549395084381
LCK_HUMAN_D0_3AC3_A,100.0,0.2860088348388672
LCK_HUMAN_D0_1QPD_A,99.6,0.0006932472460903227
HCK_HUMAN_D0_2HK5_A,77.4,0.3074361979961395
HCK_HUMAN_D0_3VS3_B,77.2,0.3990076184272766
HCK_HUMAN_D0_3VS3_A,77.2,0.4063180088996887
HCK_HUMAN_D0_2C0T_B,77.2,0.4199081659317017
HCK_HUMAN_D0_3VS5_A,77.2,0.4806448817253113
HCK_HUMAN_D0_3VS6_A,77.2,0.38818505406379705
HCK_HUMAN_D0_3VRY_A,77.2,0.414806991815567
HCK_HUMAN_D0_3VS2_A,77.2,0.4127925038337708
HCK_HUMAN_D0_3VS7_B,77.2,0.385980635881424
HCK_HUMAN_D0_3VS1_A,77.2,0.43781736493110657
HCK_HUMAN_D0_3VS2_B,77.2,0.4133288860321045
HCK_HUMAN_D0_4LUE_B,77.2,0.4873306453227997
HCK_HUMAN_D0_2C0I_B,77.2,0.4994118809700012
HCK_HUMAN_D0_3VS1_B,77.2,0.4277229011058808
HCK_HUMAN_D0_3VS6_B,77.2,0.4690544009208679
HCK_HUMAN_D0_2C0O_A,77.2,0.416375070810318
HCK_HUMAN_D0_3VRY_B,77.2,0.5243315100669861
HCK_HUMAN_D0_3VRZ_A,77.2,0.3945837914943695
HCK_HUMAN_D0_3VS5_B,77.2,0.4275133013725281
HCK_HUMAN_D0_3VS0_B,77.2,0.3816778063774109
HCK_HUMAN_D0_3VS0_A,77.2,0.3956486880779265
HCK_HUMAN_D0_1QCF_A,77.2,0.3872200250625609
HCK_HUMAN_D0_3VRZ_B,77.2,0.4198961555957794
HCK_HUMAN_D0_3VS4_B,77.2,0.3942992687225342
HCK_HUMAN_D0_2C0T_A,77.2,0.5228573679924011
HCK_HUMAN_D0_2C0O_B,77.2,0.4342080354690552
HCK_HUMAN_D0_2C0I_A,77.2,0.4242769777774811
HCK_HUMAN_D0_3VS4_A,77.2,0.4211652576923369
HCK_HUMAN_D0_3VS7_A,77.2,0.41239356994628906
HCK_HUMAN_D0_4LUD_B,77.2,0.4778314530849457
HCK_HUMAN_D0_4LUE_A,77.2,0.5369879007339478
HCK_HUMAN_D0_4LUD_A,77.2,0.4268636107444763
HCK_HUMAN_D0_1AD5_B,76.2,0.4741451442241669
HCK_HUMAN_D0_1AD5_A,76.2,0.5034025311470032
HCK_HUMAN_D0_2HCK_A,76.2,0.4620247185230255
HCK_HUMAN_D0_2HCK_B,76.2,0.4943489730358124
LYN_HUMAN_D0_3A4O_X,75.2,0.2953770458698273
LYN_MOUSE_D0_2ZVA_A,73.6,0.3019050061702728
LYN_MOUSE_D0_2ZV7_A,73.3,0.30131465196609497
LYN_MOUSE_D0_2ZV8_A,73.3,0.2941019535064697
LYN_MOUSE_D0_2ZV9_A,73.2,0.3064756691455841
SRC_CHICK_D0_4AGW_A,67.7,0.3767306208610535
SRC_CHICK_D0_3F3U_A,67.7,0.6005710363388062
SRC_CHICK_D0_3UQF_A,67.7,0.28847333788871765
SRC_CHICK_D0_3TZ7_A,67.7,0.604431688785553
SRC_CHICK_D0_3EN4_A,67.7,0.3616273105144501
SRC_CHICK_D0_2HWP_B,67.7,0.4316181242465973
SRC_CHICK_D0_3G5D_A,67.7,0.32676592469215393
SRC_HUMAN_D0_4K11_A,67.7,0.4344221651554108
SRC_CHICK_D0_3TZ9_B,67.7,0.4190443158149719
SRC_CHICK_D0_3UQF_B,67.7,0.4114421010017395
SRC_HUMAN_D0_4MXO_A,67.7,0.2857734858989716
SRC_CHICK_D0_3G6H_B,67.7,0.5364004969596863
SRC_CHICK_D0_3D7T_B,67.7,0.36839815974235535
SRC_CHICK_D0_3F3T_A,67.7,0.4412337839603424
SRC_CHICK_D0_3UQG_B,67.7,0.2799603343009949
SRC_CHICK_D0_3F6X_D,67.7,0.32052698731422424
SRC_CHICK_D0_4U5J_B,67.7,0.34084296226501465
SRC_CHICK_D0_3F3V_A,67.7,0.6381253600120544
SRC_CHICK_D0_3F3W_A,67.7,0.5036740899085999
SRC_CHICK_D0_3EN6_A,67.7,0.4595523774623871
SRC_CHICK_D0_3TZ8_B,67.7,0.3945807218551636
SRC_CHICK_D0_3OEZ_A,67.7,0.4258897304534912
SRC_HUMAN_D0_1FMK_A,67.7,0.4342423677444458
SRC_CHICK_D0_2OIQ_B,67.7,0.2828584611415863
SRC_HUMAN_D0_4MXX_A,67.7,0.2915143966674805
SRC_CHICK_D0_3QLG_B,67.7,0.3116491436958313
SRC_CHICK_D0_4FIC_A,67.7,0.326937198638916
SRC_HUMAN_D0_2SRC_A,67.7,0.4210283160209656
SRC_CHICK_D0_3OF0_A,67.7,0.3827183246612549
SRC_HUMAN_D0_1YOM_A,67.7,0.3359661102294922
SRC_CHICK_D0_3LOK_A,67.7,0.3571986258029938
SRC_CHICK_D0_3UQG_A,67.7,0.3130984306335449
SRC_CHICK_D0_3QLG_A,67.7,0.4312298893928528
SRC_CHICK_D0_3TZ9_A,67.7,0.4847771525382996
SRC_CHICK_D0_3QLF_A,67.7,0.4568736255168915
SRC_CHICK_D0_3EL8_A,67.7,0.2746545672416687
SRC_CHICK_D0_3EN5_B,67.7,0.4248695373535156
SRC_CHICK_D0_3G6G_B,67.7,0.30878934264183044
SRC_HUMAN_D0_1Y57_A,67.7,0.3056984543800354
SRC_CHICK_D0_3EN6_B,67.7,0.5399461984634399
SRC_CHICK_D0_3DQX_A,67.7,0.29002106189727783
SRC_CHICK_D0_4AGW_B,67.7,0.3337940573692322
SRC_HUMAN_D0_4MXZ_B,67.7,0.3000031113624573
SRC_CHICK_D0_3F3U_B,67.7,0.5880089402198792
SRC_CHICK_D0_3F3V_B,67.7,0.4541648030281067
SRC_CHICK_D0_4LGH_A,67.7,0.5403380990028381
SRC_CHICK_D0_3G6H_A,67.7,0.2872044146060944
SRC_CHICK_D0_4U5J_A,67.7,0.30476319789886475
SRC_CHICK_D0_3TZ7_B,67.7,0.3869145810604096
SRC_CHICK_D0_3EL8_B,67.7,0.2948917746543884
SRC_CHICK_D0_3TZ8_A,67.7,0.5396198630332947
SRC_CHICK_D0_3OF0_B,67.7,0.4652350544929504
SRC_HUMAN_D0_4MXX_B,67.7,0.31912046670913696
SRC_CHICK_D0_3EN4_B,67.7,0.2849330604076385
SRC_CHICK_D0_2OIQ_A,67.7,0.486597865819931
SRC_CHICK_D0_2HWO_B,67.7,0.5225521326065063
SRC_CHICK_D0_3DQX_B,67.7,0.3003969192504883
SRC_CHICK_D0_3U51_B,67.7,0.4483370184898377
SRC_HUMAN_D0_1YI6_A,67.7,0.26286691427230835
SRC_CHICK_D0_3GEQ_B,67.7,0.27078917622566223
SRC_CHICK_D0_3G5D_B,67.7,0.2799345850944519
SRC_CHICK_D0_2QLQ_B,67.7,0.3341106474399567
SRC_CHICK_D0_3G6G_A,67.7,0.3833889365196228
SRC_CHICK_D0_2PTK_A,67.7,0.38784876465797424
SRC_HUMAN_D0_4MXY_B,67.7,0.3364442586898804
SRC_HUMAN_D0_2BDF_A,67.7,0.3123877048492432
SRC_CHICK_D0_3D7U_B,67.7,0.6186943650245667
SRC_CHICK_D0_2QLQ_A,67.7,0.5063121318817139
SRC_CHICK_D0_3F3W_B,67.7,0.5348599553108215
SRC_CHICK_D0_3D7U_D,67.7,0.5416156053543091
SRC_HUMAN_D0_1YOM_B,67.7,0.40800413489341736
SRC_HUMAN_D0_2H8H_A,67.7,0.4397526979446411
SRC_CHICK_D0_4DGG_B,67.7,0.3480439782142639
SRC_CHICK_D0_4LGG_B,67.7,0.5271784067153931
SRC_CHICK_D0_3F6X_C,67.7,0.3233766257762909
SRC_CHICK_D0_4FIC_B,67.7,0.3757195472717285
SRC_HUMAN_D0_2BDJ_A,67.7,0.3344514071941376
SRC_CHICK_D0_3U4W_A,67.7,0.41533032059669495
SRC_HUMAN_D0_2BDF_B,67.7,0.2841223180294037
SRC_CHICK_D0_3F3T_B,67.7,0.306618332862854
SRC_CHICK_D0_3OEZ_B,67.7,0.4350395798683167
SRC_CHICK_D0_3U51_A,67.7,0.41034382581710815
SRC_CHICK_D0_3F6X_A,67.7,0.297512948513031
SRC_HUMAN_D0_1YI6_B,67.7,0.26787886023521423
SRC_CHICK_D0_3GEQ_A,67.7,0.3157084882259369
SRC_CHICK_D0_4DGG_A,67.7,0.4114613831043243
SRC_HUMAN_D0_1KSW_A,67.6,0.4047643840312958
SRC_CHICK_D0_3DQW_A,67.5,0.2982953488826752
SRC_CHICK_D0_3DQW_D,67.5,0.346798300743103
SRC_CHICK_D0_3DQW_B,67.5,0.2958127558231354
SRC_CHICK_D0_3DQW_C,67.5,0.28437674045562744
SRC_CHICK_D0_4MCV_A,66.5,0.2889876663684845
SRC_CHICK_D0_3F6X_B,66.5,0.27874577045440674
SRC_HUMAN_D0_4MXY_A,66.4,0.28033775091171265
SRC_HUMAN_D0_4MXZ_A,66.4,0.3889654874801636
SRC_CHICK_D0_4MCV_B,66.4,0.31317901611328125
SRC_CHICK_D0_3SVV_A,66.2,0.3808433413505554
SRC_CHICK_D0_2QI8_A,66.1,0.3099303841590881
SRC_CHICK_D0_3LOK_B,66.1,0.5540958642959595
SRC_CHICK_D0_2QQ7_A,65.9,0.4467079043388367
SRC_CHICK_D0_2QQ7_B,65.9,0.6365455985069275
SRC_CHICK_D0_2HWO_A,65.8,0.5417703986167908
SRC_CHICK_D0_2QI8_B,65.8,0.5593268275260925
SRC_HUMAN_D0_1YOJ_A,65.7,0.4577574133872986
SRC_HUMAN_D0_1YOL_B,65.7,0.4363604784011841
SRC_HUMAN_D0_1YOL_A,65.7,0.5671533942222595
SRC_CHICK_D0_3EN7_A,65.5,0.491706371307373
SRC_CHICK_D0_3SVV_B,65.5,0.4216471016407013
SRC_CHICK_D0_2HWP_A,65.5,0.492655485868454
SRC_CHICK_D0_3QLF_B,65.5,0.4164835512638092
SRC_CHICK_D0_3EL7_A,65.4,0.581139326095581
SRC_CHICK_D0_4LGH_B,65.3,0.6083678007125854
SRC_CHICK_D0_4LGG_A,65.2,0.5469822287559509
SRC_CHICK_D0_3EN5_A,65.1,0.6082382798194885
SRC_CHICK_D0_3EN7_B,65.0,0.5793909430503845
SRC_HUMAN_D0_1YOJ_B,64.5,0.8194165229797363
ABL1_MOUSE_D0_3OXZ_A,50.0,0.5991601943969727
ABL2_HUMAN_D0_2XYN_B,49.6,0.3506309986114502
ABL2_HUMAN_D0_3GVU_A,49.6,0.5562008023262024
ABL2_HUMAN_D0_2XYN_C,49.6,0.3744940757751465
ABL2_HUMAN_D0_3HMI_A,49.6,0.4363114535808563
ABL2_HUMAN_D0_2XYN_A,49.6,0.3846985101699829
ABL1_MOUSE_D0_3K5V_A,49.0,0.5881327986717224
ABL1_HUMAN_D0_2HYY_A,49.0,0.5278275609016418
ABL1_HUMAN_D0_2HYY_B,49.0,0.5391551852226257
ABL1_MOUSE_D0_1IEP_B,48.8,0.5637055039405823
ABL1_MOUSE_D0_1OPK_A,48.8,0.44026824831962585
ABL1_HUMAN_D0_2G2H_A,48.8,0.4035610258579254
ABL1_HUMAN_D0_2HZ4_B,48.8,0.3582143485546112
ABL1_MOUSE_D0_3KF4_B,48.8,0.3833751380443573
ABL1_HUMAN_D0_2HZ0_A,48.8,0.4256662428379059
ABL1_HUMAN_D0_2HIW_B,48.8,0.543042778968811
ABL1_MOUSE_D0_3MS9_B,48.8,0.5436813831329346
ABL1_HUMAN_D0_2HZ0_B,48.8,0.6102856397628784
ABL1_HUMAN_D0_2G1T_C,48.8,0.49063494801521296
ABL1_HUMAN_D0_3CS9_C,48.8,0.4934406280517578
ABL1_MOUSE_D0_1OPJ_A,48.8,0.5867432355880737
ABL1_MOUSE_D0_1FPU_B,48.8,0.559267520904541
ABL1_MOUSE_D0_3KFA_B,48.8,0.5740953683853149
ABL1_MOUSE_D0_3MSS_D,48.8,0.539273738861084
ABL1_HUMAN_D0_2G1T_B,48.8,0.4787589013576508
ABL1_MOUSE_D0_3MSS_C,48.8,0.5459989905357361
ABL1_HUMAN_D0_2GQG_A,48.8,0.3875779211521149
ABL1_HUMAN_D0_2GQG_B,48.8,0.3648654818534851
ABL1_MOUSE_D0_3MSS_B,48.8,0.5423072576522827
ABL1_HUMAN_D0_2HZ4_A,48.8,0.4356351792812347
ABL1_HUMAN_D0_3QRK_A,48.8,0.569253146648407
ABL1_HUMAN_D0_2HZ4_C,48.8,0.40137460827827454
ABL1_HUMAN_D0_2HZI_A,48.8,0.4013207256793976
ABL1_MOUSE_D0_1FPU_A,48.8,0.5566473603248596
ABL1_MOUSE_D0_3IK3_B,48.8,0.5646855235099792
ABL1_MOUSE_D0_3K5V_B,48.8,0.5526328682899475
ABL1_MOUSE_D0_3DK6_A,48.8,0.4736320078372955
ABL1_MOUSE_D0_3DK3_B,48.8,0.416257917881012
ABL1_HUMAN_D0_2HYY_C,48.8,0.572189450263977
ABL1_HUMAN_D0_2HZI_B,48.8,0.40566101670265203
ABL1_MOUSE_D0_1M52_B,48.8,0.4354514479637146
ABL1_MOUSE_D0_3MS9_A,48.8,0.5763707756996155
ABL1_MOUSE_D0_2HZN_A,48.8,0.5504819750785828
ABL1_MOUSE_D0_3DK6_B,48.8,0.3770290017127991
ABL1_MOUSE_D0_3KFA_A,48.8,0.5404030084609985
ABL1_MOUSE_D0_3DK7_B,48.8,0.3930290341377258
ABL1_MOUSE_D0_1IEP_A,48.8,0.5808022022247314
ABL1_HUMAN_D0_3QRJ_B,48.8,0.5328167676925659
ABL1_HUMAN_D0_2HIW_A,48.8,0.5572435855865479
ABL1_MOUSE_D0_1M52_A,48.8,0.4007317125797272
ABL1_HUMAN_D0_1OPL_B,48.8,0.3613161742687225
ABL1_HUMAN_D0_2G2F_B,48.8,0.3691273331642151
ABL1_HUMAN_D0_2FO0_A,48.8,0.453556478023529
ABL1_HUMAN_D0_2V7A_B,48.8,0.3917761147022247
ABL1_MOUSE_D0_2QOH_A,48.8,0.37569844722747797
ABL1_MOUSE_D0_2QOH_B,48.8,0.39302533864974976
ABL1_HUMAN_D0_2E2B_A,48.8,0.5227387547492981
ABL1_MOUSE_D0_3KF4_A,48.8,0.3700414597988129
ABL1_MOUSE_D0_3DK3_A,48.8,0.3924967646598816
ABL1_HUMAN_D0_2F4J_A,48.8,0.37948307394981373
ABL1_MOUSE_D0_3IK3_A,48.8,0.5247066617012024
ABL1_HUMAN_D0_3UE4_B,48.8,0.4137571156024933
ABL1_MOUSE_D0_3OY3_B,48.8,0.5507486462593079
ABL1_HUMAN_D0_3PYY_B,48.8,0.5904420018196106
ABL1_HUMAN_D0_3QRI_B,48.8,0.5184108614921571
ABL1_HUMAN_D0_3QRI_A,48.8,0.5956991314888
ABL1_HUMAN_D0_2G1T_D,48.8,0.4754741489887238
ABL1_MOUSE_D0_1OPJ_B,48.8,0.6081074476242065
ABL1_HUMAN_D0_2V7A_A,48.8,0.37128424644470215
ABL1_MOUSE_D0_3MSS_A,48.8,0.550065815448761
ABL1_HUMAN_D0_1OPL_A,48.8,0.40600740909576416
ABL1_HUMAN_D0_2G2H_B,48.8,0.3794799149036408
ABL1_HUMAN_D0_3CS9_A,48.8,0.5385286211967468
ABL1_MOUSE_D0_3DK7_A,48.8,0.4034663438796997
ABL1_HUMAN_D0_2G2I_B,48.8,0.3839588761329651
ABL1_HUMAN_D0_3PYY_A,48.8,0.5648259520530701
ABL1_HUMAN_D0_3CS9_D,48.8,0.5581032037734985
ABL1_MOUSE_D0_2Z60_A,48.8,0.3649187982082367
ABL1_HUMAN_D0_3CS9_B,48.8,0.463955968618393
ABL1_HUMAN_D0_2HYY_D,48.8,0.5599451065063477
ABL1_HUMAN_D0_2G1T_A,48.8,0.4541711509227753
ABL1_HUMAN_D0_3UE4_A,48.8,0.3749673068523407
ABL1_HUMAN_D0_2G2I_A,48.8,0.3507824540138245
ABL1_MOUSE_D0_3OY3_A,48.8,0.5614177584648132
ABL1_HUMAN_D0_2G2F_A,48.8,0.39398285746574396
ABL1_HUMAN_D0_3QRJ_A,48.8,0.5714502334594727
ABL1_HUMAN_D0_2E2B_B,48.8,0.578332781791687
EPHA5_HUMAN_D0_2R2P_A,46.1,0.3259987533092499
EPHB2_MOUSE_D0_1JPA_B,46.1,0.4513822495937347
EPHB2_MOUSE_D0_2HEN_A,46.1,0.4660637974739074
EPHB2_HUMAN_D0_3ZFM_A,46.1,0.3793659210205078
EPHB2_MOUSE_D0_2HEN_D,46.1,0.6163163185119629
EPHB2_MOUSE_D0_2HEN_C,46.1,0.4534361958503723
EPHB2_MOUSE_D0_1JPA_A,46.1,0.4238366782665253
EPHB2_MOUSE_D0_2HEN_B,46.1,0.6037343740463257
EPHB1_HUMAN_D0_3ZFX_C,45.7,0.3132687509059906
EPHA4_MOUSE_D0_2Y6O_A,45.7,0.4299267828464508
EPHA3_HUMAN_D0_4GK2_A,45.7,0.3430012166500092
EPHA3_HUMAN_D0_2GSF_A,45.7,0.3610920011997223
EPHA3_HUMAN_D0_4GK4_A,45.7,0.3279792368412018
EPHA3_HUMAN_D0_3FXX_A,45.7,0.343401700258255
EPHB1_HUMAN_D0_3ZFX_B,45.7,0.3240358233451843
EPHA3_HUMAN_D0_4G2F_A,45.7,0.34201478958129883
EPHA3_HUMAN_D0_3FY2_A,45.7,0.34640103578567505
EPHA3_HUMAN_D0_2QOB_A,45.7,0.3524097204208374
EPHA3_HUMAN_D0_2QOF_A,45.7,0.35969847440719604
EPHA3_HUMAN_D0_2QOL_A,45.7,0.4921127855777741
EPHB1_HUMAN_D0_3ZFX_E,45.7,0.3571999967098236
EPHB1_HUMAN_D0_3ZFX_G,45.7,0.3255296051502228
EPHA3_HUMAN_D0_4GK3_A,45.7,0.3231848478317261
EPHA3_HUMAN_D0_4P5Z_A,45.7,0.6110714077949524
EPHA4_MOUSE_D0_2XYU_A,45.7,0.398429661989212
EPHA3_HUMAN_D0_2QO7_A,45.7,0.37773197889328
EPHA3_HUMAN_D0_2QOQ_A,45.7,0.4548933207988739
EPHA3_HUMAN_D0_2QOD_A,45.7,0.5229731798171997
EPHA4_MOUSE_D0_2Y6M_A,45.7,0.4177239239215851
EPHA3_HUMAN_D0_2QO2_A,45.7,0.4827595055103302
EPHB1_HUMAN_D0_3ZFX_F,45.7,0.2845693528652191
EPHA3_HUMAN_D0_2QOO_A,45.7,0.41967636346817017
EPHB1_HUMAN_D0_3ZFX_D,45.7,0.3476737141609192
EPHA3_HUMAN_D0_4P4C_A,45.7,0.4652934074401856
EPHA3_HUMAN_D0_4P5Q_A,45.7,0.3854729235172272
EPHA3_HUMAN_D0_2QOI_A,45.7,0.4543970227241516
EPHA3_HUMAN_D0_2QO9_A,45.7,0.3440553545951843
EPHA4_MOUSE_D0_2HEL_A,45.7,0.35198739171028137
EPHB1_HUMAN_D0_3ZFX_A,45.7,0.33384156227111816
EPHA3_HUMAN_D0_2QOC_A,45.7,0.3368418514728546
EPHA3_HUMAN_D0_3DZQ_A,45.7,0.5178107023239136
EPHA3_HUMAN_D0_2QON_A,45.7,0.3549236357212067
CSK_RAT_D0_1K9A_D,45.4,0.35270074009895325
CSK_RAT_D0_1K9A_E,45.4,0.306150883436203
CSK_RAT_D0_1K9A_A,45.4,0.336061954498291
CSK_RAT_D0_1K9A_B,45.4,0.32688575983047485
CSK_RAT_D0_1K9A_C,45.4,0.3747859299182892
CSK_RAT_D0_1K9A_F,45.4,0.3318794071674347
EPHB4_HUMAN_D0_2VWU_A,45.3,0.4047050178050995
EPHB3_HUMAN_D0_3ZFY_A,45.3,0.5412663221359253
EPHB3_HUMAN_D0_3ZFY_B,45.3,0.6072062253952026
EPHB1_HUMAN_D0_3ZFX_H,45.2,0.3510323762893677
EPHB1_HUMAN_D0_3ZFX_I,45.1,0.2926981747150421
BMX_HUMAN_D0_3SXS_A,45.0,0.3566459119319916
FGFR4_HUMAN_D0_4R6V_A,44.9,0.4593389630317688
ROS1_HUMAN_D0_3ZBF_A,44.9,0.3291676640510559
EPHA3_HUMAN_D0_2QOK_A,44.7,0.5770945549011229
ITK_HUMAN_D0_3QGW_A,44.6,0.4623247087001801
EPHA2_HUMAN_D0_1MQB_A,44.5,0.3803742229938507
EPHA2_HUMAN_D0_1MQB_B,44.5,0.3151127099990845
CSK_HUMAN_D0_3D7U_C,44.5,0.35003289580345154
CSK_HUMAN_D0_3D7U_A,44.5,0.3535248339176178
EPHA2_HUMAN_D0_4P2K_A,44.5,0.33896246552467346
FGFR4_HUMAN_D0_4TYJ_A,44.5,0.5829306840896606
EPHA8_HUMAN_D0_3KUL_A,44.5,0.3370942771434784
FGFR4_HUMAN_D0_4TYE_A,44.5,0.5374651551246643
CSK_HUMAN_D0_3D7T_A,44.5,0.3518549203872681
EPHA2_HUMAN_D0_4PDO_B,44.5,0.4410915970802307
BMX_HUMAN_D0_3SXR_A,44.5,0.4850407838821411
EPHA7_HUMAN_D0_2REI_A,44.5,0.496086597442627
EPHA2_HUMAN_D0_4PDO_A,44.5,0.4371950626373291
EPHA7_HUMAN_D0_3DKO_A,44.5,0.6807049512863159
ITK_HUMAN_D0_3QGY_A,44.4,0.5005970597267151
ITK_HUMAN_D0_3QGW_B,44.2,0.4349517524242401
EPHA2_HUMAN_D0_4TRL_A,44.1,0.3564174175262451
FES_HUMAN_D0_4E93_A,44.1,0.2986246645450592
BMX_HUMAN_D0_3SXR_B,44.1,0.4333200454711914
EPHA8_HUMAN_D0_3KUL_B,44.1,0.4118583202362061
ITK_HUMAN_D0_3QGY_B,44.0,0.5306865572929382
ITK_HUMAN_D0_3MJ1_A,44.0,0.5072689652442932
ITK_HUMAN_D0_4MF1_B,44.0,0.3744863867759705
ITK_HUMAN_D0_4PQN_A,44.0,0.4893412292003632
ITK_HUMAN_D0_3V5J_A,43.9,0.5043529868125916
ITK_HUMAN_D0_3MJ2_A,43.8,0.4365014135837555
ITK_HUMAN_D0_4MF1_A,43.7,0.4600331485271454
ITK_HUMAN_D0_3V5L_D,43.6,0.5794776082038879
ITK_HUMAN_D0_1SNU_A,43.5,0.4086885154247284
ITK_HUMAN_D0_4KIO_C,43.5,0.5291970372200012
ITK_HUMAN_D0_3V8T_A,43.5,0.4306996464729309
ITK_HUMAN_D0_4M0Y_A,43.5,0.4200237691402435
ITK_HUMAN_D0_1SNU_B,43.5,0.5750038027763367
ITK_HUMAN_D0_4M0Z_A,43.5,0.4512539207935333
ITK_HUMAN_D0_3V5L_C,43.5,0.4632453322410584
ITK_HUMAN_D0_4MF0_A,43.5,1.0732723474502563
ITK_HUMAN_D0_4PPA_B,43.5,1.2009533643722534
ITK_HUMAN_D0_4HCU_A,43.5,0.4582847058773041
ITK_HUMAN_D0_1SNX_B,43.5,0.4424389898777008
ITK_HUMAN_D0_4KIO_D,43.5,0.3222883939743042
ITK_HUMAN_D0_4PPA_A,43.5,1.0847172737121582
ITK_HUMAN_D0_4HCV_A,43.5,0.4097120761871338
ITK_HUMAN_D0_1SM2_B,43.5,0.37946724891662603
ITK_HUMAN_D0_1SM2_A,43.5,0.3583504855632782
ITK_HUMAN_D0_3V5J_B,43.5,0.3539826571941376
ITK_HUMAN_D0_3V8T_B,43.5,0.4179435968399048
ITK_HUMAN_D0_4PPB_A,43.5,1.0990289449691772
ITK_HUMAN_D0_4M13_A,43.5,0.4504709839820862
ITK_HUMAN_D0_4PPB_B,43.5,1.2127654552459717
ITK_HUMAN_D0_3T9T_A,43.5,0.4288405478000641
ITK_HUMAN_D0_4M12_A,43.5,0.452399492263794
ITK_HUMAN_D0_4PP9_B,43.5,0.3334396779537201
ITK_HUMAN_D0_3V5L_B,43.5,0.4382825195789337
ITK_HUMAN_D0_4KIO_A,43.5,0.4473765790462494
ITK_HUMAN_D0_4PP9_A,43.5,0.4441259503364563
ITK_HUMAN_D0_3V8W_A,43.5,0.3948528468608856
ITK_HUMAN_D0_4HCT_A,43.5,0.4356638491153717
ITK_HUMAN_D0_4M14_A,43.5,0.4331314563751221
ITK_HUMAN_D0_4L7S_A,43.5,0.4167632758617401
ITK_HUMAN_D0_4KIO_B,43.5,0.3657593727111816
ITK_HUMAN_D0_4MF0_B,43.5,1.0841823816299438
ITK_HUMAN_D0_4M15_A,43.5,0.4255555868148804
ITK_HUMAN_D0_3V5L_A,43.5,0.41345152258872986
ITK_HUMAN_D0_1SNX_A,43.5,0.3396182954311371
ITK_HUMAN_D0_4PPC_A,43.5,1.0969960689544678
ITK_HUMAN_D0_4PPC_B,43.5,1.152332782745361
ITK_HUMAN_D0_3V8W_B,43.5,0.32153746485710144
ITK_HUMAN_D0_3MIY_B,43.4,0.5050966739654541
RET_HUMAN_D0_4CKJ_A,43.3,0.2798547446727753
BTK_HUMAN_D0_4NWM_B,43.3,0.4474646747112274
FES_HUMAN_D0_3CBL_A,43.3,0.3007822632789612
FES_HUMAN_D0_3BKB_A,43.3,0.2688834369182587
BTK_HUMAN_D0_4NWM_A,43.3,0.4264817535877228
RET_HUMAN_D0_4CKI_A,43.3,0.35096529126167303
RET_HUMAN_D0_2X2M_A,43.3,0.2820076644420624
RET_HUMAN_D0_2X2K_A,43.3,0.30503353476524353
BTK_HUMAN_D0_4OT5_A,43.2,0.4052574336528778
BTK_HUMAN_D0_4OTR_A,43.2,0.4647859930992127
BTK_HUMAN_D0_4OTQ_A,43.2,0.4989006221294403
BTK_HUMAN_D0_4OT6_A,43.2,0.4026788175106049
BTK_HUMAN_D0_1K2P_A,43.1,0.3403088748455048
ITK_HUMAN_D0_3MIY_A,43.1,0.5104508399963379
BTK_HUMAN_D0_1K2P_B,43.1,0.3646335601806641
ALK_HUMAN_D0_2YJR_A,42.9,0.31538179516792303
ALK_HUMAN_D0_4CTC_A,42.9,0.3232710957527161
FGFR1_HUMAN_D0_4NKA_B,42.9,0.4813293218612671
ALK_HUMAN_D0_4MKC_A,42.9,0.34093672037124634
ALK_HUMAN_D0_4CNH_A,42.9,0.3758532106876373
FGFR1_HUMAN_D0_3KXX_A,42.9,0.3357600569725037
ALK_HUMAN_D0_4CCU_A,42.9,0.3614777624607086
BTK_HUMAN_D0_3PJ2_A,42.9,0.3865784406661987
FGFR1_HUMAN_D0_3GQI_A,42.9,0.34086695313453674
FGFR1_HUMAN_D0_3TT0_A,42.9,0.4668741226196289
ALK_HUMAN_D0_4ANL_A,42.9,0.3542825877666473
ALK_HUMAN_D0_4FNW_A,42.9,0.3053594827651977
FGFR1_HUMAN_D0_4F65_A,42.9,0.4782858490943909
BTK_HUMAN_D0_3PJ3_A,42.9,0.5619439482688904
ALK_HUMAN_D0_4CMO_A,42.9,0.34360387921333313
ALK_HUMAN_D0_4DCE_A,42.9,0.360467255115509
ALK_HUMAN_D0_4CLJ_A,42.9,0.3870828747749329
ALK_HUMAN_D0_4FOB_A,42.9,0.3854785263538361
BTK_HUMAN_D0_3GEN_A,42.9,0.4197061061859131
FGFR1_HUMAN_D0_4NK9_B,42.9,0.4561645984649658
ALK_HUMAN_D0_4FOD_A,42.9,0.39618340134620667
BTK_HUMAN_D0_3OCT_A,42.9,0.3623323142528534
BTK_HUMAN_D0_3P08_A,42.9,0.6655105352401733
ALK_HUMAN_D0_4DCE_B,42.9,0.33431917428970337
ALK_HUMAN_D0_4ANS_A,42.9,0.3216286301612854
BTK_HUMAN_D0_3P08_B,42.9,0.5984218120574951
ALK_HUMAN_D0_4FNZ_A,42.9,0.4559981226921082
FGFR1_HUMAN_D0_3GQL_A,42.9,0.4234872758388519
FGFR1_HUMAN_D0_3C4F_B,42.9,0.4972395598888397
ALK_HUMAN_D0_4CNH_B,42.9,0.37499615550041204
ALK_HUMAN_D0_4CLI_A,42.9,0.3529963195323944
ALK_HUMAN_D0_4ANQ_A,42.9,0.3712460398674011
ALK_HUMAN_D0_4FNY_A,42.9,0.378587931394577
BTK_HUMAN_D0_3OCS_A,42.9,0.40916863083839417
ALK_HUMAN_D0_3L9P_A,42.9,0.3767000138759613
ALK_HUMAN_D0_2YHV_A,42.9,0.3775117993354797
ALK_HUMAN_D0_4CMU_A,42.9,0.3699271678924561
ALK_HUMAN_D0_2XBA_A,42.9,0.3440190255641937
ALK_HUMAN_D0_4CD0_A,42.9,0.3804260194301605
ALK_HUMAN_D0_3LCS_A,42.9,0.3599969744682312
ALK_HUMAN_D0_4JOA_A,42.9,0.3459484577178955
ALK_HUMAN_D0_2YFX_A,42.9,0.3524840176105499
FGFR1_HUMAN_D0_3JS2_A,42.9,0.4903694093227386
ALK_HUMAN_D0_4CTB_A,42.9,0.35177704691886896
ALK_HUMAN_D0_4FNX_A,42.9,0.41520997881889343
ALK_HUMAN_D0_3AOX_A,42.9,0.32290592789649963
BTK_HUMAN_D0_3PJ1_A,42.9,0.4531843960285187
FGFR1_HUMAN_D0_3C4F_A,42.9,0.4787182509899139
FGFR1_HUMAN_D0_4NKA_A,42.9,0.4691711962223053
BTK_HUMAN_D0_3K54_A,42.9,0.31655678153038025
ALK_HUMAN_D0_2XB7_A,42.9,0.36492207646369934
ALK_HUMAN_D0_4FOC_A,42.9,0.3699992597103119
BTK_HUMAN_D0_3PIZ_A,42.9,0.3803552985191345
ALK_HUMAN_D0_3LCT_A,42.9,0.37371301651000977
BTK_HUMAN_D0_3PIX_A,42.9,0.5148900151252747
BTK_HUMAN_D0_3PIY_A,42.9,0.4613944590091705
EPHB4_HUMAN_D0_2YN8_A,42.6,0.5421149134635925
FGFR2_HUMAN_D0_3CLY_A,42.5,0.31508222222328186
EPHB4_HUMAN_D0_2YN8_B,42.2,0.5969281792640686
FGFR2_HUMAN_D0_4J99_C,42.1,0.3106969892978668
FGFR2_HUMAN_D0_3B2T_A,42.1,0.317810595035553
FGFR2_HUMAN_D0_2PVF_A,42.1,0.3050532341003418
DDR1_HUMAN_D0_3ZOS_A,41.7,0.5726658701896667
DDR1_HUMAN_D0_4CKR_A,41.7,0.6277142763137817
DDR1_HUMAN_D0_3ZOS_B,41.7,0.5712559223175049
DDR1_HUMAN_D0_4BKJ_B,41.7,0.5793419480323792
DDR1_HUMAN_D0_4BKJ_A,41.7,0.6137247085571289
CSF1R_HUMAN_D0_3LCO_A,41.7,0.5773530602455139
ACK1_HUMAN_D0_4HZS_A,41.3,0.4935243725776672
MERTK_HUMAN_D0_4MHA_B,41.3,0.5685920715332031
FGFR1_HUMAN_D0_3WJ6_B,41.3,0.5327866077423096
ACK1_HUMAN_D0_4HZR_B,41.3,0.34753960371017456
ACK1_HUMAN_D0_1U46_B,41.3,0.41003158688545227
MERTK_HUMAN_D0_3TCP_A,41.3,0.522508442401886
MERTK_HUMAN_D0_4M3Q_A,41.3,0.4960740208625794
ACK1_HUMAN_D0_1U4D_A,41.3,0.3447614312171936
ACK1_HUMAN_D0_1U54_B,41.3,0.3372304141521454
ACK1_HUMAN_D0_1U46_A,41.3,0.3849339485168457
ACK1_HUMAN_D0_4HZS_C,41.3,0.4502943754196167
ACK1_HUMAN_D0_1U4D_B,41.3,0.38088497519493103
ACK1_HUMAN_D0_4HZS_D,41.3,0.5340645909309387
ACK1_HUMAN_D0_3EQR_B,41.3,0.3819823861122131
MERTK_HUMAN_D0_4MH7_A,41.3,0.4992371797561646
ACK1_HUMAN_D0_4HZR_A,41.3,0.3548654019832611
MERTK_HUMAN_D0_4MH7_B,41.3,0.482740581035614
MERTK_HUMAN_D0_4MHA_A,41.3,0.43839380145072937
MERTK_HUMAN_D0_3BPR_B,41.3,0.4553895890712738
MUSK_RAT_D0_1LUF_A,41.3,0.5925832986831665
MERTK_HUMAN_D0_3TCP_B,41.3,0.4385039806365967
ACK1_HUMAN_D0_4EWH_B,41.3,0.35568177700042725
ALK_HUMAN_D0_4CCB_A,41.3,0.3638617098331451
MERTK_HUMAN_D0_4M3Q_B,41.3,0.5063477158546448
ACK1_HUMAN_D0_3EQP_B,41.3,0.35856300592422485
MERTK_HUMAN_D0_2P0C_A,41.3,0.42737331986427307
MERTK_HUMAN_D0_2P0C_B,41.3,0.5381175279617311
MERTK_HUMAN_D0_3BPR_D,41.3,0.43341097235679626
ACK1_HUMAN_D0_4ID7_A,41.3,0.3723525404930115
MERTK_HUMAN_D0_3BRB_B,41.3,0.4495295584201813
ACK1_HUMAN_D0_3EQR_A,41.3,0.3916994333267212
ACK1_HUMAN_D0_3EQP_A,41.3,0.3578452169895172
ACK1_HUMAN_D0_4EWH_A,41.3,0.3794374763965607
MERTK_HUMAN_D0_3BPR_A,41.3,0.4687889516353607
CSF1R_HUMAN_D0_4HW7_A,41.3,0.5505561828613281
ACK1_HUMAN_D0_4HZS_B,41.3,0.4874494671821594
ALK_HUMAN_D0_2XP2_A,41.3,0.3474863469600677
MERTK_HUMAN_D0_3BRB_A,41.3,0.4396324753761292
FGFR1_HUMAN_D0_2FGI_A,40.9,0.5246508121490479
KSYK_HUMAN_D0_4I0T_A,40.9,0.3264959156513214
KSYK_HUMAN_D0_4I0R_A,40.9,0.33014732599258423
KSYK_HUMAN_D0_4FZ6_A,40.9,0.31217533349990845
KSYK_HUMAN_D0_1XBA_A,40.9,0.2995879054069519
FGFR1_HUMAN_D0_4NK9_A,40.9,0.523101806640625
KSYK_HUMAN_D0_3TUC_A,40.9,0.4315529763698578
KSYK_HUMAN_D0_3EMG_A,40.9,0.3071077764034271
KSYK_HUMAN_D0_4PX6_A,40.9,0.2984588444232941
KSYK_HUMAN_D0_4DFL_A,40.9,0.3128742575645447
KSYK_HUMAN_D0_4PUZ_A,40.9,0.3155790865421295
KSYK_HUMAN_D0_4PV0_A,40.9,0.32869425415992737
KSYK_HUMAN_D0_4FL3_A,40.9,0.4969432055950165
KSYK_HUMAN_D0_4F4P_A,40.9,0.3082176148891449
KSYK_HUMAN_D0_4PUZ_B,40.9,0.32559749484062195
KSYK_HUMAN_D0_4FYO_A,40.9,0.3343874514102936
KSYK_HUMAN_D0_4FL2_A,40.9,0.4728749394416809
KSYK_HUMAN_D0_3FQH_A,40.9,0.32682472467422485
KSYK_HUMAN_D0_3FQH_B,40.9,0.29542502760887146
KSYK_HUMAN_D0_3VF8_A,40.9,0.29665717482566833
KSYK_HUMAN_D0_4FZ7_A,40.9,0.2841476798057556
KSYK_HUMAN_D0_1XBC_A,40.9,0.36074444651603704
KSYK_HUMAN_D0_3TUB_A,40.9,0.38180747628211975
KSYK_HUMAN_D0_4GFG_A,40.9,0.3257414102554321
KSYK_HUMAN_D0_3SRV_A,40.9,0.3151455223560333
KSYK_HUMAN_D0_4FL1_A,40.9,0.3228582739830017
KSYK_HUMAN_D0_3FQS_A,40.9,0.3299121558666229
KSYK_HUMAN_D0_3FQE_A,40.9,0.3065532743930817
CSF1R_HUMAN_D0_2OGV_A,40.9,0.5687687397003174
CSF1R_HUMAN_D0_3LCD_A,40.9,0.3568836748600006
KSYK_HUMAN_D0_4I0S_A,40.9,0.3341631591320038
KSYK_HUMAN_D0_3SRV_B,40.9,0.3202832341194153
KSYK_HUMAN_D0_4DFN_A,40.9,0.34549248218536377
KSYK_HUMAN_D0_1XBB_A,40.9,0.3087621033191681
FAK1_CHICK_D0_2J0J_A,40.6,0.4969064593315125
FAK1_CHICK_D0_2JKM_A,40.6,0.5338588953018188
ALK_HUMAN_D0_2YJS_A,40.6,0.4528894722461701
FAK1_CHICK_D0_4BRX_A,40.6,0.5233323574066162
FAK1_CHICK_D0_2JKQ_A,40.6,0.39952701330184937
FAK1_CHICK_D0_2J0M_B,40.6,0.4950295388698578
FAK1_CHICK_D0_2J0L_A,40.6,0.3494035005569458
FAK1_CHICK_D0_2J0K_A,40.6,0.4794375002384186
FAK1_CHICK_D0_2JKO_A,40.6,0.5653672814369202
FAK1_CHICK_D0_2J0K_B,40.6,0.4665852785110474
FAK1_CHICK_D0_2JKK_A,40.6,0.4887707829475403
FAK1_CHICK_D0_4C7T_A,40.6,0.5264413356781006
MERTK_HUMAN_D0_3BPR_C,40.5,0.4997077286243439
FAK1_HUMAN_D0_4KAO_B,40.2,0.5956249237060547
FAK1_HUMAN_D0_4K8A_B,40.2,0.4397510588169098
FAK1_HUMAN_D0_4EBV_A,40.2,0.7416977882385254
FAK2_HUMAN_D0_3FZP_A,40.2,0.3356512486934662
ALK_HUMAN_D0_4CMT_A,40.2,0.4167482852935791
FAK1_HUMAN_D0_3BZ3_A,40.2,0.5394461750984192
ERBB4_HUMAN_D0_3BCE_A,40.2,0.3237004578113556
FAK1_HUMAN_D0_4K8A_A,40.2,0.5399430394172668
FAK1_HUMAN_D0_4K9Y_A,40.2,0.4612428843975067
FAK1_HUMAN_D0_4KAB_B,40.2,0.4365625083446503
ERBB4_HUMAN_D0_3BBT_D,40.2,0.3860179781913757
FAK2_HUMAN_D0_3ET7_A,40.2,0.3159747719764709
FAK1_HUMAN_D0_4GU9_B,40.2,0.445745050907135
FAK2_HUMAN_D0_3H3C_A,40.2,0.3436605036258697
ERBB4_HUMAN_D0_2R4B_A,40.2,0.3940865397453308
ERBB4_HUMAN_D0_2R4B_B,40.2,0.3848271667957306
FAK2_HUMAN_D0_3FZO_A,40.2,0.4060440957546234
FAK1_HUMAN_D0_2IJM_B,40.2,0.4971921741962433
ACK1_HUMAN_D0_1U54_A,40.2,0.4589124023914337
FAK2_HUMAN_D0_3FZS_A,40.2,0.5809987187385559
ERBB4_HUMAN_D0_3BBW_B,40.2,0.4794580340385437
ERBB4_HUMAN_D0_3BCE_C,40.2,0.3378426730632782
FAK1_HUMAN_D0_3PXK_B,40.2,0.35429683327674866
FAK1_HUMAN_D0_2ETM_A,40.2,0.4756055176258087
FAK2_HUMAN_D0_3CC6_A,40.2,0.341074138879776
FAK1_HUMAN_D0_4GU9_A,40.2,0.43943893909454346
FAK1_HUMAN_D0_4KAO_A,40.2,0.613461971282959
FAK1_HUMAN_D0_4I4F_A,40.2,0.7547957301139832
ERBB4_HUMAN_D0_3BBT_B,40.2,0.4298926889896393
FAK1_HUMAN_D0_4Q9S_A,40.2,0.3543687164783478
FAK1_HUMAN_D0_4I4E_A,40.2,0.4023952782154083
FAK1_HUMAN_D0_3PXK_A,40.2,0.3889877200126648
ERBB4_HUMAN_D0_3BBW_A,40.2,0.4518595039844513
FAK1_HUMAN_D0_2IJM_A,40.2,0.4109547436237335
FAK1_HUMAN_D0_4GU6_B,40.2,0.4583685696125031
FAK2_HUMAN_D0_3FZR_A,40.2,0.3335131704807281
FAK1_HUMAN_D0_1MP8_A,40.2,0.3784952461719513
FAK1_HUMAN_D0_4KAB_A,40.2,0.3865019977092743
FAK1_HUMAN_D0_2ETM_B,40.2,0.4321194291114807
ERBB4_HUMAN_D0_3BCE_B,40.2,0.3250827193260193
FAK2_HUMAN_D0_4H1M_A,40.2,0.4286741018295288
FAK1_HUMAN_D0_4GU6_A,40.2,0.5531778931617737
FAK1_HUMAN_D0_4EBW_A,40.2,0.712580680847168
FGFR2_HUMAN_D0_2PZP_B,39.8,0.33381348848342896
FGFR2_HUMAN_D0_2PZP_A,39.8,0.3271870017051697
KIT_HUMAN_D0_1PKG_A,39.8,0.29787132143974304
FAK2_HUMAN_D0_3FZT_A,39.7,0.4506064653396606
FAK2_HUMAN_D0_4H1J_A,39.6,0.4624837636947632
IGF1R_HUMAN_D0_3F5P_R,39.4,0.39458316564559937
NTRK1_HUMAN_D0_4PMM_A,39.4,0.5683097243309021
ERBB2_HUMAN_D0_3PP0_A,39.4,0.3717169761657715
NTRK1_HUMAN_D0_4PMT_A,39.4,0.5425969958305359
IGF1R_HUMAN_D0_3F5P_K,39.4,0.4111102521419525
NTRK1_HUMAN_D0_4AOJ_B,39.4,0.385993093252182
NTRK2_HUMAN_D0_4AT3_A,39.4,0.5301162004470825
INSR_HUMAN_D0_2B4S_B,39.4,0.4044781625270844
KSYK_HUMAN_D0_4FYN_A,39.4,0.5018679499626161
IGF1R_HUMAN_D0_3F5P_I,39.4,0.406440407037735
ERBB2_HUMAN_D0_3RCD_B,39.4,0.4462719857692719
INSR_HUMAN_D0_1GAG_A,39.4,0.3732735812664032
ERBB2_HUMAN_D0_3RCD_C,39.4,0.4537852704524994
ERBB2_HUMAN_D0_3RCD_A,39.4,0.5151470899581909
IGF1R_HUMAN_D0_3F5P_J,39.4,0.4384014904499054
IGF1R_HUMAN_D0_2ZM3_D,39.4,0.417065292596817
NTRK1_HUMAN_D0_4AOJ_A,39.4,0.52686607837677
NTRK1_HUMAN_D0_4F0I_B,39.4,0.5611124634742737
NTRK1_HUMAN_D0_4AOJ_C,39.4,0.3789400160312653
IGF1R_HUMAN_D0_3F5P_A,39.4,0.38293111324310297
NTRK2_HUMAN_D0_4AT4_A,39.4,0.6140562891960144
IGF1R_HUMAN_D0_3F5P_F,39.4,0.445208340883255
IGF1R_HUMAN_D0_3F5P_G,39.4,0.4341405332088471
INSR_HUMAN_D0_2Z8C_A,39.4,0.3786418735980988
IGF1R_HUMAN_D0_3F5P_S,39.4,0.4025576412677765
ERBB2_HUMAN_D0_3RCD_D,39.4,0.43324849009513855
IGF1R_HUMAN_D0_3F5P_L,39.4,0.4121021330356598
NTRK1_HUMAN_D0_4PMS_A,39.4,0.5937750935554504
NTRK2_HUMAN_D0_4AT5_A,39.4,0.5839698314666748
IGF1R_HUMAN_D0_3F5P_C,39.4,0.4083385467529297
INSR_HUMAN_D0_1RQQ_A,39.4,0.3928327262401581
ERBB2_HUMAN_D0_3PP0_B,39.4,0.32158979773521423
NTRK2_HUMAN_D0_4ASZ_A,39.4,0.5558528900146484
IGF1R_HUMAN_D0_3F5P_T,39.4,0.4528061747550965
NTRK1_HUMAN_D0_4F0I_A,39.4,0.5503453612327576
IGF1R_HUMAN_D0_3F5P_B,39.4,0.4242979288101196
NTRK1_HUMAN_D0_4PMP_A,39.0,0.577475368976593
IGF1R_HUMAN_D0_3F5P_D,39.0,0.4379720985889435
IGF1R_HUMAN_D0_3F5P_M,39.0,0.4360332489013672
JAK1_HUMAN_D1_3EYG_A,38.6,0.30199652910232544
JAK1_HUMAN_D1_4EHZ_D,38.6,0.31980571150779724
IGF1R_HUMAN_D0_3NW7_A,38.6,0.585047721862793
INSR_HUMAN_D0_3BU3_A,38.6,0.3524315357208252
JAK1_HUMAN_D1_4K77_B,38.6,0.3330373167991638
IGF1R_HUMAN_D0_1M7N_A,38.6,0.6088064908981323
JAK1_HUMAN_D1_4E4N_B,38.6,0.35423171520233154
IGF1R_HUMAN_D0_3F5P_H,38.6,0.4203377068042755
JAK1_HUMAN_D1_4IVC_A,38.6,0.3121899664402008
IGF1R_HUMAN_D0_3F5P_E,38.6,0.3905222713947296
IGF1R_HUMAN_D0_3LVP_B,38.6,0.3206783831119537
IGF1R_HUMAN_D0_3QQU_D,38.6,0.6572086215019226
IGF1R_HUMAN_D0_1P4O_B,38.6,0.5918407440185547
JAK1_HUMAN_D1_4IVB_A,38.6,0.311356782913208
IGF1R_HUMAN_D0_3NW6_A,38.6,0.6247950196266174
JAK1_HUMAN_D1_4FK6_B,38.6,0.3211897611618042
JAK1_HUMAN_D1_4EI4_A,38.6,0.28924697637557983
INSR_HUMAN_D0_4IBM_B,38.6,0.5898030996322632
JAK1_HUMAN_D1_4EHZ_B,38.6,0.3176169693470001
IGF1R_HUMAN_D0_1P4O_A,38.6,0.6012200713157654
IGF1R_HUMAN_D0_2ZM3_A,38.6,0.3862656652927399
JAK1_HUMAN_D1_4I5C_B,38.6,0.32557833194732666
JAK1_HUMAN_D1_4EHZ_C,38.6,0.3360083103179932
JAK1_HUMAN_D1_4EHZ_A,38.6,0.2955088019371033
INSR_HUMAN_D0_3BU6_A,38.6,0.4246477782726288
IGF1R_HUMAN_D0_3QQU_A,38.6,0.6064269542694092
KIT_HUMAN_D0_1PKG_B,38.6,0.3595748543739319
INSR_HUMAN_D0_3EKK_A,38.6,0.5252755880355835
NTRK1_HUMAN_D0_4GT5_A,38.6,0.5735129117965698
JAK1_HUMAN_D1_4E4L_B,38.6,0.3166744112968445
JAK1_HUMAN_D1_4EI4_B,38.6,0.3764013350009918
INSR_HUMAN_D0_3BU5_A,38.6,0.42402768135070795
IGF1R_HUMAN_D0_2OJ9_A,38.6,0.5781320333480835
JAK1_HUMAN_D1_4IVB_B,38.6,0.31910768151283264
IGF1R_HUMAN_D0_3NW5_A,38.6,0.5855067372322083
IGF1R_HUMAN_D0_3LW0_B,38.6,0.5353902578353882
JAK1_HUMAN_D1_4FK6_A,38.6,0.3488136231899261
JAK1_HUMAN_D1_4K77_A,38.6,0.31322506070137024
JAK1_HUMAN_D1_4IVC_B,38.6,0.3738023638725281
JAK1_HUMAN_D1_4IVD_A,38.6,0.35197851061820984
IGF1R_HUMAN_D0_3LW0_D,38.6,0.5785350799560547
IGF1R_HUMAN_D0_3LVP_D,38.6,0.3851804435253143
IGF1R_HUMAN_D0_3LVP_C,38.6,0.3831086754798889
JAK1_HUMAN_D1_4E5W_A,38.6,0.32102513313293457
JAK1_HUMAN_D1_3EYH_A,38.6,0.2929238379001617
ROR2_HUMAN_D0_4GT4_A,38.6,0.6752951145172119
ROR2_HUMAN_D0_4GT4_B,38.6,0.6775459051132202
IGF1R_HUMAN_D0_2ZM3_B,38.6,0.3899859488010407
JAK1_HUMAN_D1_4IVD_B,38.6,0.3743496835231781
INSR_HUMAN_D0_1IR3_A,38.6,0.3812614381313324
IGF1R_HUMAN_D0_1K3A_A,38.6,0.3774207830429077
IGF1R_HUMAN_D0_1M7N_B,38.6,0.6050472259521484
INSR_HUMAN_D0_1P14_A,38.6,0.4395504891872406
IGF1R_HUMAN_D0_3O23_A,38.6,0.5979055762290955
INSR_HUMAN_D0_1IRK_A,38.6,0.583953320980072
IGF1R_HUMAN_D0_1JQH_B,38.6,0.4660617411136627
IGF1R_HUMAN_D0_3LW0_A,38.6,0.5627003312110901
JAK1_HUMAN_D1_4K6Z_A,38.6,0.3355674743652344
ROR2_HUMAN_D0_3ZZW_B,38.6,0.6961953043937683
IGF1R_HUMAN_D0_1JQH_A,38.6,0.454416036605835
INSR_HUMAN_D0_2AUH_A,38.6,0.382030189037323
IGF1R_HUMAN_D0_3I81_A,38.6,0.5838582515716553
IGF1R_HUMAN_D0_3LVP_A,38.6,0.3942931890487671
INSR_HUMAN_D0_3ETA_B,38.6,0.5922969579696655
INSR_HUMAN_D0_1RQQ_B,38.6,0.3452385365962982
IGF1R_HUMAN_D0_3QQU_C,38.6,0.6442636251449585
INSR_HUMAN_D0_4IBM_A,38.6,0.5554057359695435
IGF1R_HUMAN_D0_1JQH_C,38.6,0.4754160344600678
INSR_HUMAN_D0_1I44_A,38.6,0.4566342532634735
JAK1_HUMAN_D1_4E4L_E,38.6,0.35605722665786743
IGF1R_HUMAN_D0_3LW0_C,38.6,0.6038135886192322
ROR2_HUMAN_D0_3ZZW_A,38.6,0.7101742625236511
INSR_HUMAN_D0_3ETA_A,38.6,0.5835857391357422
INSR_HUMAN_D0_3EKN_A,38.6,0.4140247702598572
INSR_HUMAN_D0_2B4S_D,38.6,0.3755628168582916
JAK1_HUMAN_D1_4E4L_A,38.6,0.314931184053421
IGF1R_HUMAN_D0_3QQU_B,38.6,0.5668792128562927
IGF1R_HUMAN_D0_2ZM3_C,38.6,0.371073842048645
JAK1_HUMAN_D1_4E4N_A,38.6,0.3198508024215698
JAK3_HUMAN_D1_4I6Q_A,38.2,0.3482227325439453
KIT_HUMAN_D0_4HVS_A,38.2,0.5591171383857727
JAK3_HUMAN_D1_3LXL_A,38.2,0.3177606761455536
JAK3_HUMAN_D1_4HVH_A,38.2,0.36540839076042175
JAK1_HUMAN_D1_4I5C_A,38.2,0.3351146280765533
JAK3_HUMAN_D1_1YVJ_A,38.2,0.3642122149467468
EGFR_HUMAN_D0_4G5J_A,37.8,0.3520692884922028
EGFR_HUMAN_D0_2JIV_B,37.8,0.4583103954792023
EGFR_HUMAN_D0_2RFD_B,37.8,0.435108095407486
EGFR_HUMAN_D0_4LQM_A,37.8,0.36328470706939703
EGFR_HUMAN_D0_4LRM_A,37.8,0.3264259994029999
EGFR_HUMAN_D0_4G5P_A,37.8,0.34899404644966125
EGFR_HUMAN_D0_4HJO_A,37.8,0.4395034611225128
EGFR_HUMAN_D0_2ITV_A,37.8,0.3727640211582184
EGFR_HUMAN_D0_4JQ7_A,37.8,0.3266732394695282
EGFR_HUMAN_D0_4LRM_C,37.8,0.3717551231384277
EGFR_HUMAN_D0_3LZB_A,37.8,0.5393730998039246
EGFR_HUMAN_D0_1M17_A,37.8,0.3122292160987854
EGFR_HUMAN_D0_2ITY_A,37.8,0.35680487751960754
EGFR_HUMAN_D0_2ITZ_A,37.8,0.3911002278327942
EGFR_HUMAN_D0_4I24_A,37.8,0.4328445196151733
EGFR_HUMAN_D0_2ITP_A,37.8,0.39779287576675415
EGFR_HUMAN_D0_1XKK_A,37.8,0.4703742861747742
EGFR_HUMAN_D0_4LRM_B,37.8,0.3549913465976715
EGFR_HUMAN_D0_4I24_B,37.8,0.4055294990539551
EGFR_HUMAN_D0_3GT8_D,37.8,0.4617016613483429
EGFR_HUMAN_D0_3GT8_A,37.8,0.4727107584476471
EGFR_HUMAN_D0_2RGP_A,37.8,0.4822131395339966
EGFR_HUMAN_D0_2ITO_A,37.8,0.3645024001598358
EGFR_HUMAN_D0_3W33_A,37.8,0.44874146580696106
EGFR_HUMAN_D0_4I20_A,37.8,0.4102161526679993
EGFR_HUMAN_D0_3POZ_A,37.8,0.4145740270614624
EGFR_HUMAN_D0_2J5E_A,37.8,0.3803597092628479
EGFR_HUMAN_D0_4TKS_A,37.8,0.377021998167038
EGFR_HUMAN_D0_4I1Z_A,37.8,0.439987063407898
EGFR_HUMAN_D0_3VJO_A,37.8,0.368322491645813
EGFR_HUMAN_D0_2J6M_A,37.8,0.3326460123062134
JAK3_HUMAN_D1_3ZC6_C,37.8,0.30964335799217224
EGFR_HUMAN_D0_3W32_A,37.8,0.4474662840366364
EGFR_HUMAN_D0_4R5S_A,37.8,0.3543185293674469
IGF1R_HUMAN_D0_3D94_A,37.8,0.5352380871772766
EGFR_HUMAN_D0_4JRV_A,37.8,0.3625808954238892
EGFR_HUMAN_D0_3W2P_A,37.8,0.3518392145633697
EGFR_HUMAN_D0_4I23_A,37.8,0.3905388712882996
EGFR_HUMAN_D0_2ITX_A,37.8,0.3186502456665039
EGFR_HUMAN_D0_3W2S_A,37.8,0.4714947938919067
EGFR_HUMAN_D0_2RFE_B,37.8,0.489302933216095
EGFR_HUMAN_D0_3IKA_A,37.8,0.33954399824142456
EGFR_HUMAN_D0_2ITN_A,37.8,0.3277197778224945
EGFR_HUMAN_D0_3BEL_A,37.8,0.4687392413616181
EGFR_HUMAN_D0_2JIT_B,37.8,0.44938576221466064
EGFR_HUMAN_D0_1M14_A,37.8,0.3741679787635803
EGFR_HUMAN_D0_2RFE_D,37.8,0.4306689500808716
EGFR_HUMAN_D0_2GS2_A,37.8,0.3681619465351105
JAK1_HUMAN_D1_4E5W_B,37.8,0.3406116664409637
EGFR_HUMAN_D0_2RF9_B,37.8,0.4104258120059967
EGFR_HUMAN_D0_3LZB_C,37.8,0.5219401717185974
EGFR_HUMAN_D0_2RFE_C,37.8,0.44171005487442017
EGFR_HUMAN_D0_2J5F_A,37.8,0.3442082703113556
EGFR_HUMAN_D0_2ITT_A,37.8,0.3398340344429016
EGFR_HUMAN_D0_4LRM_D,37.8,0.3387383818626404
EGFR_HUMAN_D0_4JQ8_A,37.8,0.3350615501403809
EGFR_HUMAN_D0_3IKA_B,37.8,0.4505387246608734
EGFR_HUMAN_D0_2GS6_A,37.8,0.3441482186317444
EGFR_HUMAN_D0_2GS7_A,37.8,0.4165424108505249
EGFR_HUMAN_D0_4I21_B,37.8,0.3705216944217682
EGFR_HUMAN_D0_3LZB_B,37.8,0.4618270397186279
JAK3_HUMAN_D1_3ZEP_B,37.8,0.3290778398513794
EGFR_HUMAN_D0_3W2Q_A,37.8,0.3259117603302002
EGFR_HUMAN_D0_4I22_A,37.8,0.43879374861717213
EGFR_HUMAN_D0_3GT8_C,37.8,0.4530215859413147
EGFR_HUMAN_D0_2GS7_B,37.8,0.4364254474639893
EGFR_HUMAN_D0_2JIV_A,37.8,0.4623777270317078
EGFR_HUMAN_D0_2RFE_A,37.8,0.4461621046066284
EGFR_HUMAN_D0_2JIU_A,37.8,0.3476833701133728
EGFR_HUMAN_D0_2ITQ_A,37.8,0.3633250892162323
EGFR_HUMAN_D0_3W2O_A,37.8,0.39670467376708973
JAK1_HUMAN_D1_4E4L_D,37.8,0.3332371115684509
EGFR_HUMAN_D0_3W2R_A,37.8,0.4297590851783752
JAK3_HUMAN_D1_3ZEP_C,37.8,0.32760903239250183
EGFR_HUMAN_D0_3GT8_B,37.8,0.5423564910888672
EGFR_HUMAN_D0_2ITU_A,37.8,0.4063215553760529
EGFR_HUMAN_D0_4WKQ_A,37.8,0.34820687770843506
EGFR_HUMAN_D0_3LZB_D,37.8,0.4572626650333405
EGFR_HUMAN_D0_4LL0_A,37.8,0.3883589506149292
EGFR_HUMAN_D0_4JR3_A,37.8,0.3481267988681793
EGFR_HUMAN_D0_2JIU_B,37.8,0.4595434665679932
EGFR_HUMAN_D0_4LRM_E,37.8,0.3888221085071564
EGFR_HUMAN_D0_4G5P_B,37.8,0.4584241509437561
EGFR_HUMAN_D0_2ITW_A,37.8,0.36548861861228943
EGFR_HUMAN_D0_4I21_A,37.8,0.3959225118160248
EGFR_HUMAN_D0_4LI5_A,37.8,0.3617933690547943
JAK3_HUMAN_D1_3ZC6_B,37.4,0.37082961201667786
MET_HUMAN_D0_3RHK_B,37.4,0.5732672810554504
JAK3_HUMAN_D1_3ZC6_A,37.4,0.383998304605484
EGFR_HUMAN_D0_2JIT_A,37.4,0.38104012608528137
TIE2_HUMAN_D0_1FVR_B,37.4,0.4067961871623993
TIE2_HUMAN_D0_3L8P_A,37.4,0.40557336807250977
TIE2_HUMAN_D0_1FVR_A,37.4,0.4344609081745148
MET_HUMAN_D0_3ZC5_A,37.0,0.5075417757034302
MET_HUMAN_D0_4DEH_A,37.0,0.5159860849380493
MET_HUMAN_D0_2RFS_A,37.0,0.5487760305404663
MET_HUMAN_D0_4MXC_A,37.0,0.5410860180854797
MET_HUMAN_D0_2WKM_A,37.0,0.4956780970096588
MET_HUMAN_D0_4KNB_D,37.0,0.5765246152877808
MET_HUMAN_D0_3I5N_A,37.0,0.5729888677597046
MET_HUMAN_D0_2RFN_B,37.0,0.5213367342948914
MET_HUMAN_D0_3CTH_A,37.0,0.5196691751480103
MET_HUMAN_D0_3ZBX_A,37.0,0.5290135145187378
MET_HUMAN_D0_3EFJ_A,37.0,0.5412472486495972
MET_HUMAN_D0_3R7O_A,37.0,0.34486594796180725
MET_HUMAN_D0_3L8V_A,37.0,0.3992406129837036
MET_HUMAN_D0_4IWD_A,37.0,0.3384843170642853
MET_HUMAN_D0_2G15_A,37.0,0.5541335940361023
MET_HUMAN_D0_3DKG_A,37.0,0.5550404787063599
MET_HUMAN_D0_3CE3_A,37.0,0.3884424865245819
MET_HUMAN_D0_3ZXZ_A,37.0,0.5572095513343811
MET_HUMAN_D0_3RHK_A,37.0,0.559344470500946
MET_HUMAN_D0_3EFK_A,37.0,0.6265774369239807
MET_HUMAN_D0_3F82_A,37.0,0.6351953744888306
MET_HUMAN_D0_3EFJ_B,37.0,0.6165985465049744
MET_HUMAN_D0_2WGJ_A,37.0,0.5089209079742432
MET_HUMAN_D0_3A4P_A,37.0,0.6103360056877136
MET_HUMAN_D0_3F66_B,37.0,0.5240784287452698
MET_HUMAN_D0_3VW8_A,37.0,0.5716117024421692
MET_HUMAN_D0_4AP7_A,37.0,0.5420777201652527
MET_HUMAN_D0_3ZZE_A,37.0,0.4944432675838471
MET_HUMAN_D0_3QTI_B,37.0,0.5586450695991516
MET_HUMAN_D0_3LQ8_A,37.0,0.5430498123168945
MET_HUMAN_D0_3QTI_A,37.0,0.5480986833572388
MET_HUMAN_D0_3U6I_A,37.0,0.4648635387420654
MET_HUMAN_D0_3C1X_A,37.0,0.4655164480209351
MET_HUMAN_D0_3F66_A,37.0,0.5797901749610901
MET_HUMAN_D0_3CCN_A,37.0,0.5430259108543396
MET_HUMAN_D0_4KNB_B,37.0,0.5736778974533081
MET_HUMAN_D0_3Q6U_A,37.0,0.4656852185726166
MET_HUMAN_D0_3EFK_B,37.0,0.4191114008426666
MET_HUMAN_D0_4EEV_A,37.0,0.4582867920398712
MET_HUMAN_D0_2WD1_A,37.0,0.5369221568107605
MET_HUMAN_D0_3CTJ_A,37.0,0.4724097549915314
MET_HUMAN_D0_4DEI_A,37.0,0.5541990399360657
MET_HUMAN_D0_3Q6W_A,37.0,0.3616691529750824
MET_HUMAN_D0_3DKF_A,37.0,0.5947746634483337
MET_HUMAN_D0_4DEG_A,37.0,0.5738127827644348
MET_HUMAN_D0_1R1W_A,37.0,0.5782588124275208
MET_HUMAN_D0_1R0P_A,37.0,0.5558075308799744
MET_HUMAN_D0_3U6H_A,37.0,0.4496653079986572
MET_HUMAN_D0_2RFN_A,37.0,0.4925320744514465
MET_HUMAN_D0_3CD8_A,37.0,0.5256876349449158
MET_HUMAN_D0_4KNB_C,36.9,0.5107656717300415
BRAF_HUMAN_D0_4FK3_B,36.8,0.5081554651260376
JAK2_HUMAN_D1_3FUP_A,36.6,0.3254653811454773
JAK2_HUMAN_D1_4JIA_A,36.6,0.33520135283470154
JAK2_HUMAN_D1_4IVA_A,36.6,0.3772405683994293
JAK3_HUMAN_D1_3ZC6_D,36.6,0.387468159198761
JAK2_HUMAN_D1_4GFM_A,36.6,0.3826712369918823
JAK2_HUMAN_D1_4E4M_E,36.6,0.3791168928146362
JAK2_HUMAN_D1_3JY9_A,36.6,0.33992451429367065
JAK2_HUMAN_D1_3IOK_A,36.6,0.3369787931442261
JAK2_HUMAN_D1_4E6D_B,36.6,0.35007476806640625
JAK2_HUMAN_D1_2XA4_B,36.6,0.37473589181900013
JAK2_HUMAN_D1_3KCK_A,36.6,0.3696724474430084
JAK2_HUMAN_D1_4BBF_C,36.6,0.3247876465320587
JAK2_HUMAN_D1_3UGC_A,36.6,0.463165432214737
JAK2_HUMAN_D1_4HGE_A,36.6,0.3400340676307678
JAK2_HUMAN_D1_3IO7_A,36.6,0.3096775412559509
JAK2_HUMAN_D1_3E63_A,36.6,0.3297431170940399
JAK2_HUMAN_D1_3E64_A,36.6,0.33282583951950073
JAK2_HUMAN_D1_3Q32_A,36.6,0.3216293752193451
JAK2_HUMAN_D1_3Q32_B,36.6,0.3379287123680115
JAK2_HUMAN_D1_4E6Q_B,36.6,0.34608733654022217
JAK2_HUMAN_D1_2W1I_B,36.6,0.3334079682826996
JAK2_HUMAN_D1_3TJD_B,36.6,0.3452650010585785
JAK2_HUMAN_D1_3FUP_B,36.6,0.34810471534729004
JAK2_HUMAN_D1_4E4M_B,36.6,0.3605712354183197
JAK2_HUMAN_D1_4F09_A,36.6,0.3466361165046692
JAK2_HUMAN_D1_4D0X_A,36.6,0.3044965863227844
JAK2_HUMAN_D1_4BBE_D,36.6,0.31214532256126404
JAK2_HUMAN_D1_4BBF_A,36.6,0.34907597303390503
JAK2_HUMAN_D1_4GMY_A,36.6,0.3320104479789734
JAK2_HUMAN_D1_3TJD_A,36.6,0.3583136200904846
JAK2_HUMAN_D1_4BBE_A,36.6,0.3322911560535431
JAK2_HUMAN_D1_4BBF_D,36.6,0.33496186137199396
JAK2_HUMAN_D1_4F08_B,36.6,0.3369673788547516
JAK2_HUMAN_D1_3LPB_B,36.6,0.3473016619682312
JAK2_HUMAN_D1_3TJC_B,36.6,0.3265658318996429
JAK2_HUMAN_D1_4E4M_D,36.6,0.33838847279548645
JAK2_HUMAN_D1_2W1I_A,36.6,0.3875202536582947
MET_HUMAN_D0_3ZCL_A,36.6,0.5357568264007568
JAK2_HUMAN_D1_4E6D_A,36.6,0.3251950442790985
JAK2_HUMAN_D1_3KRR_A,36.6,0.3226870596408844
JAK2_HUMAN_D1_4BBE_B,36.6,0.3185597658157349
JAK2_HUMAN_D1_4E6Q_A,36.6,0.3447830379009247
JAK2_HUMAN_D1_2B7A_A,36.6,0.35014957189559937
JAK2_HUMAN_D1_4JI9_B,36.6,0.35293298959732056
JAK2_HUMAN_D1_2B7A_B,36.6,0.3179670572280884
JAK2_HUMAN_D1_4BBE_C,36.6,0.33278900384902954
JAK2_HUMAN_D1_4BBF_B,36.6,0.2959451377391815
JAK2_HUMAN_D1_3E62_A,36.6,0.3374362885951996
JAK2_HUMAN_D1_4JI9_A,36.6,0.3459630310535431
JAK2_HUMAN_D1_4AQC_B,36.6,0.3429577648639679
JAK2_HUMAN_D1_4D0W_A,36.6,0.3286343216896057
JAK2_HUMAN_D1_3LPB_A,36.6,0.33574002981185913
JAK2_HUMAN_D1_4AQC_A,36.6,0.3489871621131897
JAK2_HUMAN_D1_4E4M_A,36.6,0.3457212448120117
JAK2_HUMAN_D1_4HGE_B,36.6,0.3822270333766937
JAK2_HUMAN_D1_3TJC_A,36.6,0.3300512433052063
JAK2_HUMAN_D1_4F08_A,36.6,0.3470836579799652
NTRK3_HUMAN_D0_3V5Q_B,36.2,0.6045923233032227
BRAF_HUMAN_D0_4JVG_A,36.2,0.574434757232666
BRAF_HUMAN_D0_4JVG_B,36.2,0.66820228099823
BRAF_HUMAN_D0_4JVG_D,36.2,0.5760380029678345
NTRK3_HUMAN_D0_3V5Q_A,36.1,0.573272705078125
BRAF_HUMAN_D0_4JVG_C,36.0,0.8639618754386902
JAK2_MOUSE_D1_4GL9_B,35.8,0.3415613174438477
TIE2_HUMAN_D0_2WQB_A,35.8,0.7463385462760925
JAK2_MOUSE_D1_4GL9_C,35.8,0.3656588792800903
JAK2_HUMAN_D1_4D1S_A,35.8,0.3568311631679535
JAK2_MOUSE_D1_4GL9_A,35.8,0.3337940573692322
EGFR_HUMAN_D0_2RF9_A,35.8,0.4409286975860596
MET_HUMAN_D0_3DKC_A,35.8,0.4482051432132721
JAK2_HUMAN_D1_3ZMM_A,35.8,0.3844992220401764
JAK2_MOUSE_D1_4GL9_D,35.8,0.3422865867614746
JAK2_HUMAN_D1_4C62_A,35.8,0.3902754485607147
RON_HUMAN_D0_3PLS_A,35.8,0.47537761926651
JAK2_HUMAN_D1_3RVG_A,35.8,0.35527417063713074
BRAF_HUMAN_D0_3C4C_B,35.7,0.6756230592727661
BRAF_HUMAN_D0_4FK3_A,35.4,0.8940833806991577
EGFR_HUMAN_D0_2EB2_A,35.4,0.4394209086894989
JAK3_HUMAN_D1_3ZEP_D,35.4,0.9919561743736268
EGFR_HUMAN_D0_3VJN_A,35.4,0.42094725370407104
JAK2_HUMAN_D1_4C61_A,35.4,0.3884214460849762
ERBB3_HUMAN_D0_3LMG_A,35.4,0.5397307276725769
ERBB3_HUMAN_D0_4OTW_A,35.4,0.4648464620113373
ERBB3_HUMAN_D0_3KEX_A,35.4,0.4730446338653565
ERBB3_HUMAN_D0_3KEX_B,35.4,0.5151760578155518
BRAF_HUMAN_D0_3C4C_A,35.1,0.9014158248901368
ERBB3_HUMAN_D0_3LMG_B,35.0,0.523116946220398
BRAF_HUMAN_D0_4G9R_B,34.8,0.5886297821998596
BRAF_HUMAN_D0_1UWJ_B,34.8,0.5721919536590576
BRAF_HUMAN_D0_1UWJ_A,34.7,0.5581953525543213
BRAF_HUMAN_D0_4G9R_A,34.7,0.5787315368652344
M3K9_HUMAN_D0_3DTC_A,34.7,0.7306938171386719
RAF1_HUMAN_D0_3OMV_B,34.6,0.4174332916736603
RAF1_HUMAN_D0_3OMV_A,34.6,0.43847328424453735
EGFR_HUMAN_D0_4LL0_B,34.5,0.5872271060943604
EGFR_HUMAN_D0_2EB3_A,34.5,0.7129140496253967
EGFR_HUMAN_D0_2RFD_A,34.4,0.4588474929332733
BRAF_HUMAN_D0_3PRF_A,34.3,0.4217411279678345
CTR1_ARATH_D0_3P86_B,34.3,0.4487206041812897
BRAF_HUMAN_D0_4MBJ_B,34.3,0.5078314542770386
BRAF_HUMAN_D0_4E26_A,34.3,0.4262044429779053
BRAF_HUMAN_D0_4FC0_B,34.3,0.5733662247657776
BRAF_HUMAN_D0_4MNE_G,34.3,0.42949116230010986
BRAF_HUMAN_D0_3PRF_B,34.3,0.4519031047821045
BRAF_HUMAN_D0_3D4Q_B,34.3,0.4767913520336151
BRAF_HUMAN_D0_4G9C_A,34.3,0.5422430038452148
BRAF_HUMAN_D0_4H58_A,34.3,0.4233158826828003
BRAF_HUMAN_D0_3PPJ_A,34.3,0.44093579053878784
BRAF_HUMAN_D0_4E4X_B,34.3,0.4919330775737762
BRAF_HUMAN_D0_4EHE_B,34.3,0.512603759765625
BRAF_HUMAN_D0_4EHG_A,34.3,0.5228868126869202
RIPK1_HUMAN_D0_4ITI_A,34.3,0.5505077242851257
BRAF_HUMAN_D0_4KSP_B,34.3,0.4699465036392212
BRAF_HUMAN_D0_3SKC_B,34.3,0.5512627959251404
BRAF_HUMAN_D0_4KSQ_B,34.3,0.7448799014091492
BRAF_HUMAN_D0_4KSQ_A,34.3,0.4990759193897247
BRAF_HUMAN_D0_4MNE_B,34.3,0.4110687375068665
CTR1_ARATH_D0_3P86_A,34.3,0.5053839087486267
BRAF_HUMAN_D0_4G9C_B,34.3,0.4996394217014313
BRAF_HUMAN_D0_3II5_A,34.3,0.5092777609825134
BRAF_HUMAN_D0_4E4X_A,34.3,0.5340533256530762
BRAF_HUMAN_D0_2FB8_B,34.3,0.4073404371738434
BRAF_HUMAN_D0_1UWH_A,34.3,0.5004894733428955
BRAF_HUMAN_D0_3Q4C_B,34.3,0.4414684474468231
BRAF_HUMAN_D0_3PRI_B,34.3,0.442185252904892
BRAF_HUMAN_D0_4MNE_F,34.3,0.44661593437194813
BRAF_HUMAN_D0_3Q96_B,34.3,0.6490897536277771
BRAF_HUMAN_D0_1UWH_B,34.3,0.5392425656318665
BRAF_HUMAN_D0_4PP7_B,34.3,0.5152907371520996
BRAF_HUMAN_D0_4MNF_B,34.3,0.4254036545753479
BRAF_HUMAN_D0_4EHG_B,34.3,0.5174569487571716
RIPK1_HUMAN_D0_4ITH_A,34.3,0.5375961661338806
BRAF_HUMAN_D0_4H58_B,34.3,0.4597233235836029
BRAF_HUMAN_D0_4H58_C,34.3,0.6858388185501099
BRAF_HUMAN_D0_4FC0_A,34.3,0.6431470513343811
BRAF_HUMAN_D0_3IDP_B,34.3,0.5325167775154114
BRAF_HUMAN_D0_3Q96_A,34.3,0.6906653046607971
BRAF_HUMAN_D0_3TV4_B,34.3,0.5142829418182373
BRAF_HUMAN_D0_4MNE_C,34.3,0.4418612718582153
BRAF_HUMAN_D0_3PSB_A,34.3,0.426602303981781
BRAF_HUMAN_D0_3TV6_B,34.3,0.5144712328910828
BRAF_HUMAN_D0_3TV6_A,34.3,0.5413990616798401
BRAF_HUMAN_D0_3PPK_A,34.3,0.4084420800209045
BRAF_HUMAN_D0_3SKC_A,34.3,0.5033041834831238
BRAF_HUMAN_D0_4DBN_B,34.3,0.638297438621521
RIPK1_HUMAN_D0_4ITI_B,34.3,0.5593289732933044
BRAF_HUMAN_D0_3II5_B,34.3,0.544570803642273
BRAF_HUMAN_D0_3IDP_A,34.3,0.4625653028488159
BRAF_HUMAN_D0_4PP7_A,34.3,0.5436933040618896
BRAF_HUMAN_D0_2FB8_A,34.3,0.44088891148567205
BRAF_HUMAN_D0_3Q4C_A,34.3,0.4864961206912994
BRAF_HUMAN_D0_3TV4_A,34.3,0.4824592769145966
BRAF_HUMAN_D0_3PSD_B,34.3,0.4142690598964691
BRAF_HUMAN_D0_4E26_B,34.3,0.5033500194549559
BRAF_HUMAN_D0_4MBJ_A,34.3,0.501205325126648
BRAF_HUMAN_D0_4MNF_A,34.3,0.4921743273735046
BRAF_HUMAN_D0_4KSP_A,34.3,0.6439031958580017
BRAF_HUMAN_D0_3PPJ_B,34.3,0.4047471880912781
BRAF_HUMAN_D0_3PSB_B,34.3,0.4321422278881073
BRAF_HUMAN_D0_3PRI_A,34.3,0.3876082897186279
BRAF_HUMAN_D0_3D4Q_A,34.3,0.4631135761737824
BRAF_HUMAN_D0_3PPK_B,34.3,0.4275138378143311
BRAF_HUMAN_D0_3PSD_A,34.3,0.4100151658058167
RIPK1_HUMAN_D0_4NEU_A,34.3,0.4226694107055664
BRAF_HUMAN_D0_4DBN_A,34.3,0.7030470967292786
BRAF_HUMAN_D0_4EHE_A,34.3,0.5143628716468811
CTR1_ARATH_D0_3PPZ_A,34.1,0.3861362338066101
EGFR_HUMAN_D0_4WRG_A,34.0,0.5253629684448242
JAK2_HUMAN_D1_4C61_B,33.9,0.4955651462078095
JAK2_HUMAN_D1_3ZMM_B,33.9,0.45998615026474
IRAK4_HUMAN_D0_2OID_A,33.8,0.6180667877197266
RIPK1_HUMAN_D0_4ITJ_A,33.7,0.4807563722133637
IRAK4_HUMAN_D0_2OID_B,33.5,0.7131115794181824
IRAK4_HUMAN_D0_2OIC_A,33.3,0.7125229835510254
EGFR_HUMAN_D0_3GOP_A,33.2,0.7636023759841919
IRAK4_HUMAN_D0_2OID_D,33.2,0.7244311571121216
IRAK4_HUMAN_D0_2O8Y_B,33.2,0.7359263300895691
RIPK1_HUMAN_D0_4ITH_B,33.1,0.603635311126709
EGFR_HUMAN_D0_3UG2_A,33.1,0.4780617356300354
RIPK1_HUMAN_D0_4ITJ_B,33.1,0.5014037489891052
EGFR_HUMAN_D0_3UG1_A,33.1,0.4777927398681641
CTR1_ARATH_D0_3PPZ_B,32.9,0.44575098156929016
IRAK4_HUMAN_D0_2OID_C,32.8,0.7890442013740541
CDKL2_HUMAN_D0_4BBM_A,32.7,0.6952275037765503
IRAK4_HUMAN_D0_2OIB_D,32.7,0.5598095059394836
JAK2_HUMAN_D1_4C62_B,32.7,0.4763209223747253
IRAK4_HUMAN_D0_4U9A_A,32.3,0.5657640695571899
IRAK4_HUMAN_D0_4U97_B,32.3,0.6348487734794617
IRAK4_HUMAN_D0_2NRU_B,32.3,0.5597150921821594
IRAK4_HUMAN_D0_2NRY_A,32.3,0.5909562110900879
LIMK1_HUMAN_D0_3S95_A,32.3,0.5402883291244507
IRAK4_HUMAN_D0_2NRY_C,32.3,0.6002252697944641
IRAK4_HUMAN_D0_2NRU_A,32.3,0.5553295612335205
IRAK4_HUMAN_D0_2NRU_D,32.3,0.6099764704704285
IRAK4_HUMAN_D0_2NRU_C,32.3,0.5707004070281982
IRAK4_HUMAN_D0_2NRY_B,32.3,0.5765113234519958
IRAK4_HUMAN_D0_4U9A_B,32.3,0.6083366274833679
IRAK4_HUMAN_D0_2NRY_D,32.3,0.6038617491722107
IRAK4_HUMAN_D0_4U97_A,32.3,0.5796898603439331
LIMK1_HUMAN_D0_3S95_B,32.3,0.5100491046905518
IRAK4_HUMAN_D0_2OIB_C,32.1,0.5721285343170166
IRAK4_HUMAN_D0_2OIC_B,32.1,0.6856958866119385
IRAK4_HUMAN_D0_2OIC_D,31.9,0.5848907828330994
CDKL2_HUMAN_D0_4BBM_B,31.9,0.7912660837173462
IRAK4_HUMAN_D0_2OIC_C,31.9,0.7156984806060791
IRAK4_HUMAN_D0_2OIB_A,31.7,0.6474717855453491
PHO85_YEAST_D0_4KRC_A,31.5,0.7927730083465576
PHO85_YEAST_D0_2PK9_C,31.5,0.7758239507675171
PHO85_YEAST_D0_4KRD_A,31.5,0.7981125116348267
CDKL2_HUMAN_D0_4AAA_A,31.5,0.7424694299697876
PHO85_YEAST_D0_2PMI_C,31.5,0.7993044853210449
IRAK4_HUMAN_D0_2OIB_B,31.5,0.5594239234924316
PHO85_YEAST_D0_2PK9_A,31.5,0.7658160924911499
ACVL1_HUMAN_D0_3MY0_M,31.1,0.4061375856399536
ACVL1_HUMAN_D0_3MY0_G,31.1,0.4335118532180786
ACVL1_HUMAN_D0_3MY0_P,31.1,0.42629858851432795
ACVL1_HUMAN_D0_3MY0_N,31.1,0.4237760007381439
JAK2_HUMAN_D0_4FVP_A,31.1,0.5077400803565979
BMR1B_HUMAN_D0_3MDY_C,31.1,0.4669826924800873
ACVL1_HUMAN_D0_3MY0_E,31.1,0.4207222759723663
ACVL1_HUMAN_D0_3MY0_K,31.1,0.4119901359081268
ACVL1_HUMAN_D0_3MY0_Q,31.1,0.4474549889564514
ACVL1_HUMAN_D0_3MY0_R,31.1,0.4529701173305512
ACVL1_HUMAN_D0_3MY0_H,31.1,0.4480812847614288
ACVL1_HUMAN_D0_3MY0_D,31.1,0.4416360557079315
ACVL1_HUMAN_D0_3MY0_A,31.1,0.4483337998390198
BMR1B_HUMAN_D0_3MDY_A,31.1,0.4588600397109986
ACVL1_HUMAN_D0_3MY0_I,31.1,0.43588167428970337
ACVL1_HUMAN_D0_3MY0_B,31.1,0.42301490902900696
ACVL1_HUMAN_D0_3MY0_F,31.1,0.4116750657558441
ACVL1_HUMAN_D0_3MY0_C,31.1,0.4108383655548096
ACVL1_HUMAN_D0_3MY0_W,31.1,0.4249091148376465
ACVL1_HUMAN_D0_3MY0_V,31.1,0.4358673393726349
ACVL1_HUMAN_D0_3MY0_U,31.1,0.4393109679222107
IRAK4_HUMAN_D0_2O8Y_A,31.1,0.7302490472793579
ACVL1_HUMAN_D0_3MY0_S,31.1,0.4606282711029053
JAK2_HUMAN_D0_4FVQ_A,31.1,0.5072945356369019
ACVL1_HUMAN_D0_3MY0_O,31.1,0.3918411135673523
ACVL1_HUMAN_D0_3MY0_T,31.1,0.4436024129390717
ACVL1_HUMAN_D0_3MY0_L,31.1,0.4213090240955353
ACVL1_HUMAN_D0_3MY0_J,31.1,0.4699071049690247
ROCO4_DICDI_D0_4F1M_A,30.7,0.4810566604137421
ROCO4_DICDI_D0_4F1T_A,30.7,0.47091343998909
ROCO4_DICDI_D0_4F0G_A,30.7,0.6866126656532288
ROCO4_DICDI_D0_4F0F_A,30.7,0.5062067508697511
ROCO4_DICDI_D0_4F1O_A,30.7,0.4686305224895477
JAK2_HUMAN_D0_4FVR_A,30.7,0.5002599358558655
LIMK2_HUMAN_D0_4TPT_A,30.3,0.6854158043861389
RIPK3_MOUSE_D0_4M66_B,30.3,0.5794602036476135
LIMK2_HUMAN_D0_4TPT_B,30.3,0.7099460959434509
RIPK3_MOUSE_D0_4M66_A,30.1,0.8068633079528809
BAK1_ARATH_D0_3UIM_A,29.9,0.7460429668426514
BAK1_ARATH_D0_3TL8_D,29.9,0.7625871300697327
BAK1_ARATH_D0_3TL8_A,29.9,0.7555959224700928
BAK1_ARATH_D0_3ULZ_A,29.9,0.7672750353813171
BAK1_ARATH_D0_3TL8_G,29.9,0.7510050535202026
BAK1_ARATH_D0_3TL8_H,29.9,0.7338155508041382
E2AK2_HUMAN_D0_2A19_C,29.6,1.192621111869812
PKNB_MYCTU_D0_3F61_A,29.6,0.8679887652397156
PKNB_MYCTU_D0_3F69_B,29.5,0.4864946305751801
PKNB_MYCTU_D0_2FUM_B,29.5,0.4592809081077576
PKNB_MYCTU_D0_2FUM_C,29.5,0.5040074586868286
PKNB_MYCTU_D0_1O6Y_A,29.5,0.4607758522033691
OXSR1_HUMAN_D0_2VWI_B,29.5,0.9195995330810548
OXSR1_HUMAN_D0_3DAK_A,29.5,0.8611805438995361
OXSR1_HUMAN_D0_2VWI_C,29.5,0.927084982395172
JAK1_HUMAN_D0_4L01_B,29.5,0.5330471992492676
OXSR1_HUMAN_D0_2VWI_A,29.5,0.904785692691803
OXSR1_HUMAN_D0_2VWI_D,29.5,0.9330322742462158
PKNB_MYCTU_D0_1MRU_B,29.5,0.4842122495174408
PKNB_MYCTU_D0_1MRU_A,29.5,0.4719425737857818
PKNB_MYCTU_D0_2FUM_A,29.5,0.4815539121627808
PKNB_MYCTU_D0_2FUM_D,29.5,0.6329848766326904
PKNB_MYCTU_D0_3F69_A,29.5,0.5465708374977112
OXSR1_HUMAN_D0_3DAK_D,29.5,0.9445869922637941
OXSR1_HUMAN_D0_3DAK_B,29.5,0.8635245561599731
OXSR1_HUMAN_D0_3DAK_C,29.5,0.8752979040145874
TGFR1_HUMAN_D0_1B6C_D,29.1,0.3981424868106842
TGFR1_HUMAN_D0_1PY5_A,29.1,0.3841453194618225
TGFR1_HUMAN_D0_3FAA_B,29.1,0.42344018816947937
TGFR1_HUMAN_D0_3KCF_B,29.1,0.4297115504741669
TGFR1_HUMAN_D0_3FAA_C,29.1,0.3705761730670929
CDK12_HUMAN_D0_4UN0_C,29.1,0.6547066569328308
TGFR1_HUMAN_D0_2X7O_D,29.1,0.39093369245529175
TGFR1_HUMAN_D0_3KCF_D,29.1,0.3772004246711731
TGFR1_HUMAN_D0_1RW8_A,29.1,0.4108225703239441
TGFR1_HUMAN_D0_3KCF_C,29.1,0.3767127692699432
TGFR1_HUMAN_D0_2WOT_A,29.1,0.3786875605583191
M3K7_HUMAN_D0_4O91_A,29.1,0.7148744463920593
PHO85_YEAST_D0_2PMI_A,29.1,1.0402010679244995
TGFR1_HUMAN_D0_1IAS_D,29.1,0.4133707284927368
M3K7_HUMAN_D0_4GS6_A,29.1,0.5314589142799377
M3K7_HUMAN_D0_2YIY_A,29.1,0.6629586219787598
CDK12_HUMAN_D0_4CXA_A,29.1,0.649156391620636
M3K7_HUMAN_D0_4L3P_A,29.1,0.460591733455658
TGFR1_HUMAN_D0_3KCF_A,29.1,0.4234259724617005
CDK12_HUMAN_D0_4NST_C,29.1,0.7166319489479065
TGFR1_HUMAN_D0_1B6C_F,29.1,0.4139301776885986
TGFR1_HUMAN_D0_3TZM_A,29.1,0.4334348142147064
TGFR1_HUMAN_D0_1IAS_E,29.1,0.3653261959552765
TGFR1_HUMAN_D0_2X7O_B,29.1,0.3962191641330719
CDK12_HUMAN_D0_4NST_A,29.1,0.6788296103477478
TGFR1_HUMAN_D0_2WOU_A,29.1,0.4058641791343689
TGFR1_HUMAN_D0_1VJY_A,29.1,0.4233953356742859
TGFR1_HUMAN_D0_1B6C_B,29.1,0.3943718075752258
TGFR1_HUMAN_D0_3FAA_A,29.1,0.4024119973182678
TGFR1_HUMAN_D0_3GXL_A,29.1,0.3931066691875458
M3K7_HUMAN_D0_4L53_A,29.1,0.5350153446197511
CDK12_HUMAN_D0_4CXA_C,29.1,0.664238691329956
TGFR1_HUMAN_D0_1B6C_H,29.1,0.3978134095668793
M3K7_HUMAN_D0_2EVA_A,29.1,0.4658456742763519
TGFR1_HUMAN_D0_1IAS_A,29.1,0.41394874453544617
TGFR1_HUMAN_D0_1IAS_C,29.1,0.4027838408946991
TGFR1_HUMAN_D0_3FAA_D,29.1,0.4098791778087616
TGFR1_HUMAN_D0_3KCF_E,29.1,0.3830070495605469
TGFR1_HUMAN_D0_2X7O_A,29.1,0.4000283181667328
TGFR1_HUMAN_D0_3FAA_E,29.1,0.4086426496505737
M3K7_HUMAN_D0_4L52_A,29.1,0.6103761792182922
TGFR1_HUMAN_D0_3HMM_A,29.1,0.42385479807853704
TGFR1_HUMAN_D0_2X7O_E,29.1,0.41194814443588257
TGFR1_HUMAN_D0_2X7O_C,29.1,0.3753023445606232
TGFR1_HUMAN_D0_1IAS_B,29.1,0.3900068998336792
PLK2_HUMAN_D0_4I5M_A,28.8,0.6792327165603638
MK14_MOUSE_D0_4LOQ_B,28.7,0.9150301814079284
ACVR1_HUMAN_D0_3MTF_B,28.7,0.8975389003753662
STK25_HUMAN_D0_2XIK_A,28.7,0.5630115270614624
MK14_MOUSE_D0_4LOQ_A,28.7,0.9332658648490906
STK26_HUMAN_D0_4FZA_B,28.7,0.6362065076828003
MK14_MOUSE_D0_4LOP_B,28.7,0.9461176991462708
MK14_MOUSE_D0_1P38_A,28.7,0.9804401397705078
MK14_MOUSE_D0_3P4K_A,28.7,0.9872863292694092
ACVR1_HUMAN_D0_4DYM_A,28.7,0.869723916053772
PKN2_HUMAN_D0_4CRS_A,28.7,0.6092827320098877
ACVR1_HUMAN_D0_3OOM_A,28.7,0.90164053440094
STK26_HUMAN_D0_4FZF_B,28.7,0.6468156576156616
MK14_MOUSE_D0_3P7C_A,28.7,0.9477313756942748
MK14_MOUSE_D0_4LOP_A,28.7,0.9402109980583192
MK14_MOUSE_D0_3P78_A,28.7,1.022689938545227
MK14_MOUSE_D0_2EWA_A,28.7,0.9773554801940918
ACVR1_HUMAN_D0_4BGG_A,28.7,0.8822012543678284
MK14_MOUSE_D0_4LOQ_C,28.7,0.9475858211517334
ACVR1_HUMAN_D0_3MTF_A,28.7,0.9028773307800292
MK14_MOUSE_D0_2PUU_A,28.7,1.0050730705261228
MK14_MOUSE_D0_4LOP_C,28.7,0.9404715895652772
ACVR1_HUMAN_D0_4C02_A,28.7,0.8199881315231323
MK14_MOUSE_D0_2GHL_A,28.7,0.9312166571617126
MK14_MOUSE_D0_2GTM_A,28.7,1.0166378021240234
MK14_MOUSE_D0_3P5K_A,28.7,1.0221718549728394
MK14_MOUSE_D0_2GTN_A,28.7,1.0732632875442505
MK14_MOUSE_D0_3P79_A,28.7,0.9548479318618774
MK14_MOUSE_D0_1LEZ_A,28.7,0.9644652009010316
STK26_HUMAN_D0_4FZD_B,28.7,0.6002496480941772
MK14_MOUSE_D0_3P7A_A,28.7,0.9789758920669556
MK14_MOUSE_D0_3P7B_A,28.7,0.987406313419342
ACVR1_HUMAN_D0_3Q4U_B,28.7,0.9098405241966248
MK14_MOUSE_D0_1LEW_A,28.7,0.924511969089508
MK14_MOUSE_D0_4KA3_A,28.7,0.9900192618370056
MK14_MOUSE_D0_3TG1_A,28.7,0.9752569794654846
MK14_MOUSE_D0_4LOO_A,28.7,0.9389708638191224
ACVR1_HUMAN_D0_3Q4U_C,28.7,0.8952476978302002
MK14_MOUSE_D0_2OZA_B,28.7,0.9371687769889832
STK26_HUMAN_D0_3GGF_B,28.7,0.6492607593536377
BMPR2_HUMAN_D0_3G2F_B,28.7,0.704599142074585
ACVR1_HUMAN_D0_3Q4U_D,28.7,0.8940156698226929
MK14_MOUSE_D0_4LOP_D,28.7,0.8999879360198975
ACVR1_HUMAN_D0_3H9R_A,28.7,0.8625475764274597
BMPR2_HUMAN_D0_3G2F_A,28.7,0.6865990161895752
MK14_MOUSE_D0_1YWR_A,28.7,0.9188620448112488
MK14_MOUSE_D0_4LOQ_D,28.7,0.891541063785553
STK26_HUMAN_D0_3GGF_A,28.7,0.6050353050231934
ACVR1_HUMAN_D0_3Q4U_A,28.7,0.892747163772583
SNF1_SCHPO_D0_3H4J_B,28.6,0.8602226376533508
SNF1_SCHPO_D0_3H4J_A,28.6,0.7807257175445557
RIPK3_MOUSE_D0_4M69_A,28.6,0.7568482756614685
PLK2_HUMAN_D0_4I6B_A,28.3,0.44352602958679205
BRI1_ARATH_D0_4OA2_A,28.3,0.7780007719993591
PKN1_HUMAN_D0_4OTI_A,28.3,0.7296667098999023
PLK2_HUMAN_D0_4I5P_A,28.3,0.4541007876396179
CDK2_HUMAN_D0_4EOL_A,28.3,0.8814899921417236
MK08_HUMAN_D0_3O17_B,28.3,0.9114640951156616
BRI1_ARATH_D0_4OAC_A,28.3,0.7910003066062927
MK08_HUMAN_D0_3O2M_B,28.3,0.9191721677780152
BRI1_ARATH_D0_4OA9_A,28.3,0.755348801612854
PLK2_HUMAN_D0_4I6H_A,28.3,0.459404855966568
PKN1_HUMAN_D0_4OTD_A,28.3,0.5564418435096741
PKN1_HUMAN_D0_4OTH_A,28.3,0.5428586602210999
IRE1_YEAST_D0_2RIO_B,28.3,0.4655954241752625
TBK1_MOUSE_D0_4JLC_A,28.3,0.8132508397102356
MK08_HUMAN_D0_3O2M_A,28.3,0.9007168412208557
KS6B1_HUMAN_D0_3A62_A,28.3,0.912087619304657
PKN1_HUMAN_D0_4OTG_A,28.3,0.5437808036804199
PLK2_HUMAN_D0_4I6F_A,28.3,0.4758277833461762
MK08_HUMAN_D0_3O17_A,28.3,0.8531252145767212
IRE1_YEAST_D0_2RIO_A,28.3,0.47628054022789
CDK12_HUMAN_D0_4UN0_D,28.3,0.5529471635818481
TBK1_MOUSE_D0_4JL9_A,28.3,0.7570310831069946
MARK1_HUMAN_D0_2HAK_G,28.2,0.6560888886451721
MARK3_HUMAN_D0_3FE3_B,28.2,0.6469720602035522
MARK1_HUMAN_D0_2HAK_E,28.2,0.6747899651527405
MARK3_HUMAN_D0_2QNJ_A,28.2,0.611788272857666
MARK1_HUMAN_D0_2HAK_C,28.2,0.670497715473175
MARK3_HUMAN_D0_2QNJ_B,28.2,0.6293967366218567
MARK1_HUMAN_D0_2HAK_A,28.2,0.6825535893440247
PIM1_HUMAN_D0_4ENY_A,28.2,0.5097856521606445
MARK3_HUMAN_D0_3FE3_A,28.2,0.6320575475692749
MARK1_HUMAN_D0_2HAK_F,28.2,0.6073621511459351
MARK1_HUMAN_D0_2HAK_D,28.2,0.6491075158119202
MARK1_HUMAN_D0_2HAK_B,28.2,0.6691326498985289
MARK1_HUMAN_D0_2HAK_H,28.2,0.7563607096672058
AAPK1_RAT_D0_4CFH_A,28.1,0.4382929503917694
MK14_HUMAN_D0_4EH2_A,28.0,0.9588354229927064
IRE1_YEAST_D0_3FBV_D,28.0,0.4225533902645111
MK14_HUMAN_D0_2YIX_A,28.0,0.9825727939605712
MK14_HUMAN_D0_4F9W_A,28.0,0.9520347714424132
MK14_HUMAN_D0_3FMH_A,28.0,0.9808964133262634
MK14_HUMAN_D0_3IW8_A,28.0,1.010234236717224
MK14_HUMAN_D0_1A9U_A,28.0,0.9901952147483826
MK14_HUMAN_D0_4E6C_A,28.0,0.9761281013488771
MK14_HUMAN_D0_2LGC_A,28.0,0.9958441257476808
IRE1_YEAST_D0_3SDJ_M,28.0,0.4184503853321075
CDK9_HUMAN_D0_4BCH_A,28.0,0.9578316807746888
MK14_HUMAN_D0_1BL6_A,28.0,0.9542507529258728
MK14_HUMAN_D0_4KIN_A,28.0,0.9547862410545348
MK14_HUMAN_D0_3MGY_A,28.0,0.9433829188346864
NEK7_HUMAN_D0_2WQN_A,28.0,0.6216828227043152
MK14_HUMAN_D0_3FLQ_A,28.0,0.9616376757621764
MK14_HUMAN_D0_1W7H_A,28.0,1.013081192970276
IRE1_YEAST_D0_3FBV_G,28.0,0.4356252551078797
MK14_HUMAN_D0_3HA8_A,28.0,0.9306071996688844
MK14_HUMAN_D0_2I0H_A,28.0,1.0115147829055786
MK14_HUMAN_D0_3FMN_A,28.0,0.989067316055298
IRE1_YEAST_D0_3FBV_M,28.0,0.457598865032196
MK14_HUMAN_D0_3BX5_A,28.0,0.9397538900375366
CDK9_HUMAN_D0_4BCF_A,28.0,0.9736047983169556
MK14_HUMAN_D0_1BMK_A,28.0,0.96086847782135
MK14_HUMAN_D0_3LFF_A,28.0,0.9591118097305298
MK14_HUMAN_D0_3HEC_A,28.0,0.9970573186874391
MK14_HUMAN_D0_1ZZL_A,28.0,0.9614974856376648
MK14_HUMAN_D0_3ZS5_A,28.0,1.0998631715774536
CDK9_HUMAN_D0_3LQ5_A,28.0,0.9274819493293762
MK14_HUMAN_D0_3D83_A,28.0,0.9804837703704834
MK14_HUMAN_D0_1OVE_A,28.0,0.9829139113426208
MK14_HUMAN_D0_3HLL_A,28.0,0.97629052400589
MK14_HUMAN_D0_1WBN_A,28.0,0.9839977622032166
MK14_HUMAN_D0_2YIW_A,28.0,1.0252419710159302
MK14_HUMAN_D0_4EH6_A,28.0,1.0809935331344604
MK14_HUMAN_D0_3ITZ_A,28.0,0.9651154875755309
MK14_HUMAN_D0_1ZYJ_A,28.0,0.8964081406593323
CDK9_HUMAN_D0_3MY1_A,28.0,0.9500750899314879
MK14_HUMAN_D0_4GEO_A,28.0,0.9286887645721436
MK14_HUMAN_D0_3ROC_A,28.0,0.9910747408866882
MK08_HUMAN_D0_2GMX_B,28.0,0.5799861550331116
MK14_HUMAN_D0_4KIQ_A,28.0,0.9240018725395204
MK14_HUMAN_D0_4KIN_D,28.0,0.9299500584602356
MK14_HUMAN_D0_1M7Q_A,28.0,0.9939969182014464
MK14_HUMAN_D0_3UVP_A,28.0,0.9702693223953248
MK14_HUMAN_D0_3FKO_A,28.0,0.9807053208351136
MK14_HUMAN_D0_3OEF_X,28.0,1.0117050409317017
CDK2_HUMAN_D0_2R3P_A,28.0,0.7476982474327087
IRE1_YEAST_D0_3FBV_J,28.0,0.4218505024909973
MK14_HUMAN_D0_1OUY_A,28.0,0.9429646134376526
MK14_HUMAN_D0_3OD6_X,28.0,0.8881433606147766
IRE1_YEAST_D0_3SDJ_K,28.0,0.4297931790351868
MK14_HUMAN_D0_3DS6_C,28.0,0.9536298513412476
MK14_HUMAN_D0_3FKL_A,28.0,0.9628525972366332
MK14_HUMAN_D0_2GFS_A,28.0,0.9528607726097108
MK14_HUMAN_D0_3L8X_A,28.0,0.9365891218185424
MK14_HUMAN_D0_3ZSI_A,28.0,1.0394262075424194
MK14_HUMAN_D0_3LFA_A,28.0,1.035639762878418
MK14_HUMAN_D0_3FMK_A,28.0,0.9816016554832458
MK14_HUMAN_D0_3IW7_A,28.0,1.0632444620132446
MK14_HUMAN_D0_4KIP_B,28.0,0.9508563280105592
MK08_HUMAN_D0_2H96_B,28.0,0.5918301939964294
MK14_HUMAN_D0_4EH5_A,28.0,0.9882416725158693
MK14_HUMAN_D0_3HUC_A,28.0,1.0425996780395508
CDK9_HUMAN_D0_3TN8_A,28.0,0.9782087802886964
MK14_HUMAN_D0_3ZSH_A,28.0,1.0441712141036987
IRE1_YEAST_D0_3FBV_K,28.0,0.4640289843082428
MK14_HUMAN_D0_3HL7_A,28.0,0.9986748695373536
IRE1_YEAST_D0_3SDJ_J,28.0,0.42872509360313416
MK14_HUMAN_D0_3QUD_A,28.0,1.0613300800323486
MK14_HUMAN_D0_4EHV_A,28.0,1.0249102115631104
IRE1_YEAST_D0_3SDJ_H,28.0,0.4500226974487305
MK14_HUMAN_D0_3S3I_A,28.0,0.9722453951835632
MK14_HUMAN_D0_4KIN_C,28.0,0.9304382801055908
CDK9_HUMAN_D0_3MI9_A,28.0,0.9559937715530396
CDK9_HUMAN_D0_4BCJ_A,28.0,0.9295887351036072
MK14_HUMAN_D0_1OUK_A,28.0,0.962749481201172
MK14_HUMAN_D0_1R39_A,28.0,0.95695698261261
CDK9_HUMAN_D0_4BCG_A,28.0,0.9540377259254456
MK14_HUMAN_D0_3UVQ_A,28.0,0.905451774597168
MK14_HUMAN_D0_4EH7_A,28.0,1.062280774116516
MK14_HUMAN_D0_3FLY_A,28.0,0.9954212307929992
IRE1_YEAST_D0_3FBV_N,28.0,0.4515025317668915
MK14_HUMAN_D0_2ZAZ_A,28.0,0.9506515860557556
IRE1_YEAST_D0_3SDJ_A,28.0,0.4482356905937195
MK14_HUMAN_D0_1R3C_A,28.0,0.9932803511619568
MK14_HUMAN_D0_2FST_X,28.0,0.9907010793685912
CDK9_HUMAN_D0_4IMY_A,28.0,0.933833658695221
MK14_HUMAN_D0_1OZ1_A,28.0,0.9621663093566896
IRE1_YEAST_D0_3FBV_F,28.0,0.4457261860370636
MK11_HUMAN_D0_3GC8_B,28.0,0.9831610321998596
IRE1_YEAST_D0_3FBV_E,28.0,0.4186467230319977
MK14_HUMAN_D0_3NWW_A,28.0,0.9783895015716552
IRE1_YEAST_D0_3SDJ_I,28.0,0.4579983055591583
MK14_HUMAN_D0_4L8M_A,28.0,1.0310298204421997
MK08_HUMAN_D0_2G01_B,28.0,0.5964654684066772
CDK9_HUMAN_D0_4IMY_E,28.0,0.9413399696350098
MK14_HUMAN_D0_3MVM_B,28.0,0.9609532356262208
CDK9_HUMAN_D0_4OGR_I,28.0,0.951309084892273
MK14_HUMAN_D0_3DT1_A,28.0,0.9690020084381104
IRE1_YEAST_D0_3SDJ_B,28.0,0.4285479485988617
MK14_HUMAN_D0_3LFC_A,28.0,1.00951087474823
CDK9_HUMAN_D0_4IMY_C,28.0,0.9174762964248656
MK14_HUMAN_D0_3GCV_A,28.0,1.1106137037277222
MK14_HUMAN_D0_3ZYA_A,28.0,0.9507135152816772
MK14_HUMAN_D0_4E5A_X,28.0,0.9396211504936218
MK14_HUMAN_D0_3IPH_A,28.0,0.926125705242157
MK14_HUMAN_D0_1DI9_A,28.0,0.9952203631401062
IRE1_YEAST_D0_3SDM_G,28.0,0.4257305860519409
MK14_HUMAN_D0_3ZSG_A,28.0,1.071155667304993
MK14_HUMAN_D0_3U8W_A,28.0,0.9882769584655762
MK14_HUMAN_D0_3FLS_A,28.0,0.9419695138931274
MK14_HUMAN_D0_3NNW_A,28.0,1.0101518630981443
MK14_HUMAN_D0_2BAJ_A,28.0,0.9887878894805908
MK14_HUMAN_D0_3KQ7_A,28.0,0.9879165291786194
MK14_HUMAN_D0_3HRB_A,28.0,0.9861059188842772
MK14_HUMAN_D0_3LFB_A,28.0,0.992298662662506
MK14_HUMAN_D0_3HEG_A,28.0,1.045083999633789
MK14_HUMAN_D0_3HV7_A,28.0,1.0208096504211426
MK14_HUMAN_D0_3DS6_A,28.0,0.977519690990448
CDK9_HUMAN_D0_3BLH_A,28.0,0.9664702415466307
MK14_HUMAN_D0_3QUE_A,28.0,1.0554636716842651
CDK9_HUMAN_D0_4OR5_A,28.0,0.9421526193618774
IRE1_YEAST_D0_3SDM_E,28.0,0.4316192269325256
MK14_HUMAN_D0_3L8S_A,28.0,1.0900263786315918
MK14_HUMAN_D0_4F9Y_A,28.0,0.9624554514884948
MK14_HUMAN_D0_3GCP_A,28.0,1.0811210870742798
MK11_HUMAN_D0_3GP0_A,28.0,1.0341869592666626
CDK9_HUMAN_D0_3BLQ_A,28.0,0.9409339427947998
MK14_HUMAN_D0_2QD9_A,28.0,0.8924241065979004
IRE1_YEAST_D0_3SDJ_L,28.0,0.42299163341522217
MK08_HUMAN_D0_2GMX_A,28.0,0.5944590568542479
MK14_HUMAN_D0_3ODY_X,28.0,1.040661096572876
MK14_HUMAN_D0_4FA2_A,28.0,1.0149846076965332
NEK7_HUMAN_D0_2WQM_A,28.0,0.6994655132293701
IRE1_YEAST_D0_3SDM_F,28.0,0.4131567478179932
MK14_HUMAN_D0_3FI4_A,28.0,0.9877537488937378
MK14_HUMAN_D0_3FKN_A,28.0,1.0074032545089722
MK14_HUMAN_D0_3GI3_A,28.0,0.9954171180725098
MK08_HUMAN_D0_2H96_A,28.0,0.584043025970459
MK14_HUMAN_D0_1ZZ2_A,28.0,0.9535520076751708
MK14_HUMAN_D0_3MVM_A,28.0,0.9779542684555054
MK14_HUMAN_D0_3OC1_A,28.0,0.9928755760192872
MK14_HUMAN_D0_1KV2_A,28.0,1.0141993761062622
MK14_HUMAN_D0_4KIQ_C,28.0,0.992076575756073
CDK9_HUMAN_D0_3TNH_A,28.0,0.9747685194015504
MK14_HUMAN_D0_3GCU_B,28.0,1.0019305944442751
MK14_HUMAN_D0_2OKR_A,28.0,0.9301890730857848
MK14_HUMAN_D0_2ZB0_A,28.0,0.9504644870758056
MK14_HUMAN_D0_1KV1_A,28.0,1.0315337181091309
MK14_HUMAN_D0_1YQJ_A,28.0,0.9750941395759584
MK14_HUMAN_D0_3D7Z_A,28.0,0.93361234664917
MK14_HUMAN_D0_3E92_A,28.0,0.9849345684051514
MK14_HUMAN_D0_3BV2_A,28.0,1.0318952798843384
IRE1_YEAST_D0_3FBV_L,28.0,0.4277683794498444
MK14_HUMAN_D0_2ZB1_A,28.0,0.9724196195602416
MK14_HUMAN_D0_2OKR_D,28.0,0.9597922563552856
MK14_HUMAN_D0_3ODZ_X,28.0,0.97575706243515
MK14_HUMAN_D0_3HP5_A,28.0,0.9936562180519104
MK14_HUMAN_D0_3RIN_A,28.0,1.0168082714080808
MK14_HUMAN_D0_4AA5_A,28.0,0.9604790210723876
MK14_HUMAN_D0_2RG5_A,28.0,0.9260283708572388
MK14_HUMAN_D0_4A9Y_A,28.0,1.0561960935592651
MK14_HUMAN_D0_3MW1_A,28.0,0.9917354583740234
IRE1_YEAST_D0_3FBV_I,28.0,0.4319331049919128
MK14_HUMAN_D0_4KIP_A,28.0,0.9831116199493408
MK14_HUMAN_D0_2ONL_B,28.0,0.9281286597251892
CDK9_HUMAN_D0_4OGR_A,28.0,0.9625750184059144
IRE1_YEAST_D0_3SDM_B,28.0,0.4364083707332611
MK14_HUMAN_D0_4E5B_A,28.0,0.9405056238174438
CDK9_HUMAN_D0_4OGR_E,28.0,0.97317373752594
MK14_HUMAN_D0_3S4Q_A,28.0,0.9435243010520936
MK14_HUMAN_D0_3LFD_A,28.0,1.0646761655807495
MK14_HUMAN_D0_1WBW_A,28.0,0.9559593200683594
MK11_HUMAN_D0_3GC9_B,28.0,0.9648064374923706
MK14_HUMAN_D0_4EH8_A,28.0,1.042250394821167
MK14_HUMAN_D0_2YIS_A,28.0,1.0803092718124392
MK14_HUMAN_D0_3HV6_A,28.0,1.0390671491622925
MK14_HUMAN_D0_3E93_A,28.0,0.988386571407318
MK14_HUMAN_D0_4EH4_A,28.0,1.1018103361129759
MK14_HUMAN_D0_3GCU_A,28.0,0.9789309501647948
MK14_HUMAN_D0_2BAL_A,28.0,0.9636403918266296
MK14_HUMAN_D0_3HUB_A,28.0,0.9885689020156859
MK14_HUMAN_D0_3BV3_A,28.0,1.0050923824310305
IRE1_YEAST_D0_3SDM_C,28.0,0.4478913843631744
MK14_HUMAN_D0_3HV3_A,28.0,0.9726869463920592
MK14_HUMAN_D0_3DS6_B,28.0,0.9513656497001648
MK14_HUMAN_D0_3LHJ_A,28.0,0.953886330127716
MK14_HUMAN_D0_3K3I_A,28.0,1.0530951023101809
MK14_HUMAN_D0_3LFE_A,28.0,0.966781497001648
MK14_HUMAN_D0_3GCQ_A,28.0,0.9748429656028748
MK14_HUMAN_D0_2NPQ_A,28.0,1.0516735315322876
MK14_HUMAN_D0_3HP2_A,28.0,1.0586462020874023
MK14_HUMAN_D0_3PG3_A,28.0,1.0501902103424072
MK14_HUMAN_D0_3FSK_A,28.0,0.9848499298095704
MK14_HUMAN_D0_3GC7_A,28.0,0.9993867874145508
MK14_HUMAN_D0_3GCS_A,28.0,0.999581813812256
MK14_HUMAN_D0_4E6A_A,28.0,0.9244781732559204
MK11_HUMAN_D0_3GC8_A,28.0,0.9536631107330322
MK14_HUMAN_D0_3IW6_A,28.0,1.1001930236816406
MK14_HUMAN_D0_1WBT_A,28.0,0.9971787929534912
MK14_HUMAN_D0_1WBS_A,28.0,0.9445946216583252
MK14_HUMAN_D0_3HV4_A,28.0,0.9593670964241028
MK14_HUMAN_D0_3FML_A,28.0,0.995241403579712
MK14_HUMAN_D0_1BL7_A,28.0,0.9595659375190736
MK14_HUMAN_D0_1WFC_A,28.0,0.9513179063796996
MK14_HUMAN_D0_3HVC_A,28.0,0.9226881861686708
MK10_HUMAN_D0_3KVX_A,28.0,0.8803569078445435
MK14_HUMAN_D0_3FSF_A,28.0,0.9670404195785522
MK14_HUMAN_D0_1W84_A,28.0,0.9830872416496276
MK14_HUMAN_D0_3NEW_A,28.0,0.9293806552886964
MK14_HUMAN_D0_1WBV_A,28.0,0.9927601218223572
MK14_HUMAN_D0_4AAC_A,28.0,0.950209617614746
IRE1_YEAST_D0_3SDJ_E,28.0,0.4609979689121246
MK14_HUMAN_D0_3FMM_A,28.0,0.992903172969818
MK14_HUMAN_D0_2Y8O_A,28.0,0.9437410235404968
MK14_HUMAN_D0_4EH3_A,28.0,1.0342156887054443
MK14_HUMAN_D0_1W82_A,28.0,0.9972609877586364
IRE1_YEAST_D0_3FBV_H,28.0,0.4698590636253357
CDK9_HUMAN_D0_4BCI_A,28.0,0.9375587105751038
MK14_HUMAN_D0_3HV5_A,28.0,1.0176308155059814
MK14_HUMAN_D0_3UVR_A,28.0,0.9160428047180176
CDK9_HUMAN_D0_4OR5_F,28.0,0.9897305965423584
MK14_HUMAN_D0_3GFE_A,28.0,0.9605740904808044
MK14_HUMAN_D0_3HV5_B,28.0,1.041932463645935
MK14_HUMAN_D0_4KIQ_D,28.0,0.9541550874710084
MK14_HUMAN_D0_3MVL_B,28.0,0.9384635090827942
CDK9_HUMAN_D0_3BLR_A,28.0,0.9465427994728088
MK08_HUMAN_D0_2NO3_B,28.0,0.5307087302207947
MK14_HUMAN_D0_4AA0_A,28.0,1.1047319173812866
MK14_HUMAN_D0_3NNV_A,28.0,1.004963517189026
CDK9_HUMAN_D0_4EC8_A,28.0,0.9550389051437378
MK14_MOUSE_D0_3PY3_A,28.0,0.8677495718002319
MK14_HUMAN_D0_3MH0_A,28.0,0.984161138534546
MK14_HUMAN_D0_4EWQ_A,28.0,0.9528282284736632
MK08_HUMAN_D0_2NO3_A,28.0,0.5528467893600464
MK11_HUMAN_D0_3GC9_A,28.0,0.959466278553009
CDK9_HUMAN_D0_4EC9_A,28.0,0.9769256114959716
MK14_HUMAN_D0_3FLZ_A,28.0,1.027843713760376
MK14_HUMAN_D0_1W83_A,28.0,0.9724151492118835
MK14_HUMAN_D0_4DLJ_A,28.0,1.0416812896728516
MK14_HUMAN_D0_2BAK_A,28.0,1.0835570096969604
IRE1_YEAST_D0_3SDJ_G,28.0,0.4300692975521088
MK14_HUMAN_D0_3O8P_A,28.0,1.0360338687896729
MK14_HUMAN_D0_3NNX_A,28.0,1.0418157577514648
MK14_HUMAN_D0_2FSM_X,28.0,1.0618362426757812
MK14_HUMAN_D0_3OBG_A,28.0,0.9418192505836488
MK14_HUMAN_D0_3FL4_A,28.0,1.027531385421753
CDK9_HUMAN_D0_3MIA_A,28.0,0.9359390139579772
IRE1_YEAST_D0_3FBV_B,28.0,0.4346638321876526
MK14_HUMAN_D0_1WBO_A,28.0,0.993404984474182
IRE1_YEAST_D0_3FBV_C,28.0,0.4137391448020935
MK14_HUMAN_D0_4AA4_A,28.0,0.9483366608619691
IRE1_YEAST_D0_3SDJ_N,28.0,0.4455789923667908
MK14_HUMAN_D0_3CTQ_A,28.0,1.0222591161727903
CDK9_HUMAN_D0_3TNI_A,28.0,0.9739746451377868
MK14_HUMAN_D0_3OCG_A,28.0,0.9438344836235046
MK14_HUMAN_D0_4KIQ_B,28.0,0.9838441610336304
MK14_HUMAN_D0_3MVL_A,28.0,0.9628371000289916
MK14_HUMAN_D0_3NNU_A,28.0,0.9833604097366332
MK14_HUMAN_D0_3HV4_B,28.0,1.0074058771133425
MK08_HUMAN_D0_2G01_A,28.0,0.5857024788856506
MK14_HUMAN_D0_2RG6_A,28.0,0.976258099079132
MK14_HUMAN_D0_3DS6_D,28.0,0.9952315092086792
IRE1_YEAST_D0_3SDJ_C,28.0,0.4321400225162506
MK14_HUMAN_D0_4EH9_A,28.0,1.065552830696106
IRE1_YEAST_D0_3SDJ_F,28.0,0.4355176687240601
MK14_HUMAN_D0_2ONL_A,28.0,0.9632775187492372
MK14_HUMAN_D0_3C5U_A,28.0,1.0061428546905518
MK14_HUMAN_D0_3FLW_A,28.0,0.9893243312835692
MK14_HUMAN_D0_3KF7_A,28.0,0.968769371509552
IRE1_YEAST_D0_3SDM_A,28.0,0.4652644693851471
IRE1_YEAST_D0_3SDM_D,28.0,0.4097384512424469
MK14_HUMAN_D0_3FLN_C,28.0,0.9723820686340332
MK14_HUMAN_D0_3MPT_A,28.0,0.9328207969665528
MK14_HUMAN_D0_3IW5_A,28.0,1.0454118251800537
MK14_HUMAN_D0_4KIN_B,28.0,0.9342236518859864
IRE1_YEAST_D0_3FBV_A,28.0,0.4243171513080597
IRE1_YEAST_D0_3SDJ_D,28.0,0.427269846200943
MK14_HUMAN_D0_2FSO_X,28.0,0.9391558766365052
MELK_HUMAN_D0_4D2P_C,27.9,0.4893102943897247
MELK_HUMAN_D0_4D2V_A,27.9,0.6050861477851868
MARK2_HUMAN_D0_3IEC_D,27.8,0.5115779638290405
MARK2_HUMAN_D0_3IEC_C,27.8,0.5152543783187866
MARK2_HUMAN_D0_3IEC_A,27.8,0.5077675580978394
MARK2_RAT_D0_2WZJ_C,27.8,0.6478602290153503
MARK2_RAT_D0_1ZMU_B,27.8,0.5785770416259766
MARK2_RAT_D0_2WZJ_F,27.8,0.6426787376403809
MARK2_RAT_D0_2WZJ_E,27.8,0.6803966760635376
MARK2_RAT_D0_1ZMU_A,27.8,0.5808162689208984
MARK2_RAT_D0_2R0I_B,27.8,0.7100266814231873
MARK2_RAT_D0_2R0I_A,27.8,0.6423720717430115
STK24_HUMAN_D0_3CKX_A,27.8,0.3728703856468201
MARK2_RAT_D0_2WZJ_B,27.8,0.6543450355529785
MARK2_RAT_D0_2WZJ_A,27.8,0.6269228458404541
MARK2_RAT_D0_2WZJ_D,27.8,0.6203900575637817
PIM1_HUMAN_D0_3C4E_C,27.7,0.5466416478157043
PIM1_HUMAN_D0_1YXU_B,27.7,0.5450586080551147
PIM1_HUMAN_D0_4GW8_A,27.7,0.5355818271636963
PIM1_HUMAN_D0_4JX7_A,27.7,0.5273511409759521
PIM1_HUMAN_D0_1YXT_A,27.7,0.5043200850486755
PIM1_HUMAN_D0_4BZO_A,27.7,0.5314928293228149
PIM1_HUMAN_D0_3T9I_A,27.7,0.5342472195625305
PIM1_HUMAN_D0_4K0Y_A,27.7,0.4985763728618622
PIM1_HUMAN_D0_4BZN_A,27.7,0.4950877726078034
PIM1_HUMAN_D0_2XJ2_A,27.7,0.5259170532226562
PIM1_HUMAN_D0_4N70_A,27.7,0.5385509729385376
PIM1_HUMAN_D0_4ALV_A,27.7,0.5094659924507141
PIM1_HUMAN_D0_3C4E_A,27.7,0.4947794675827026
PIM1_HUMAN_D0_3C4E_B,27.7,0.514114260673523
PIM1_HUMAN_D0_3JY0_A,27.7,0.4665523171424866
PIM1_HUMAN_D0_3DCV_A,27.7,0.5172823071479797
PIM1_HUMAN_D0_4K1B_A,27.7,0.4999029040336609
PIM1_HUMAN_D0_3UMW_A,27.7,0.5291070938110352
PIM1_HUMAN_D0_1YHS_A,27.7,0.5113829970359802
PIM1_HUMAN_D0_3VBV_A,27.7,0.5034827589988708
PIM1_HUMAN_D0_4DTK_A,27.7,0.5087688565254211
PIM1_HUMAN_D0_1YI3_A,27.7,0.5202602744102478
PIM1_HUMAN_D0_1YXV_A,27.7,0.5272909998893738
PIM1_HUMAN_D0_3QF9_A,27.7,0.5495238304138184
PIM1_HUMAN_D0_3VBW_A,27.7,0.5302032232284546
PIM1_HUMAN_D0_2XIY_A,27.7,0.4998115599155426
PIM1_HUMAN_D0_2XJ0_A,27.7,0.5066010951995851
PIM1_HUMAN_D0_3BGZ_A,27.7,0.533430278301239
PIM1_HUMAN_D0_3VBY_A,27.7,0.5156813859939575
PIM1_HUMAN_D0_4JX3_A,27.7,0.5054419040679932
PIM1_HUMAN_D0_1XWS_A,27.7,0.5300917029380798
PIM1_HUMAN_D0_4A7C_A,27.7,0.539848268032074
PIM1_HUMAN_D0_3BGQ_A,27.7,0.4932765066623688
PIM1_HUMAN_D0_2XIX_A,27.7,0.5091267228126526
PIM1_HUMAN_D0_3R00_A,27.7,0.5230021476745605
PIM1_HUMAN_D0_1YXU_D,27.7,0.5139104127883911
PIM1_HUMAN_D0_1YXU_A,27.7,0.5005298256874084
PIM1_HUMAN_D0_1YXS_A,27.7,0.5260655283927917
PIM1_HUMAN_D0_3JXW_A,27.7,0.4970935881137848
PIM1_HUMAN_D0_2BIL_B,27.7,0.5301415920257568
PIM1_HUMAN_D0_4MBI_A,27.7,0.5054794549942017
PIM1_HUMAN_D0_4MBL_A,27.7,0.4920585751533508
PIM1_HUMAN_D0_4I41_A,27.7,0.5344064235687256
PIM1_HUMAN_D0_2BZK_B,27.7,0.5507394671440125
MARK2_HUMAN_D0_3IEC_B,27.7,0.5738441944122314
PIM1_HUMAN_D0_3JPV_A,27.7,0.5158253312110901
PIM1_HUMAN_D0_3JYA_A,27.7,0.5180389881134033
PIM1_HUMAN_D0_4AS0_A,27.7,0.5194434523582458
PIM1_HUMAN_D0_2O3P_A,27.7,0.5150449275970459
PIM1_HUMAN_D0_3VBX_A,27.7,0.5314227342605591
PIM1_HUMAN_D0_3A99_A,27.7,0.5310238003730774
PIM1_HUMAN_D0_4LMU_A,27.7,0.4801661968231201
PIM1_HUMAN_D0_4ENX_A,27.7,0.5126088857650757
PIM1_HUMAN_D0_3R02_A,27.7,0.4918079972267151
PIM1_HUMAN_D0_4N6Y_A,27.7,0.5214191675186157
PIM1_HUMAN_D0_2XJ1_A,27.7,0.5386152267456055
PIM1_HUMAN_D0_3VC4_A,27.7,0.499010443687439
PIM1_HUMAN_D0_3UIX_A,27.7,0.5014828443527222
PIM1_HUMAN_D0_4K18_A,27.7,0.5056928992271423
PIM1_HUMAN_D0_3VBT_A,27.7,0.5369919538497925
PIM1_HUMAN_D0_4LL5_A,27.7,0.5273206233978271
PIM1_HUMAN_D0_3MA3_A,27.7,0.5371136665344238
PIM1_HUMAN_D0_1YWV_A,27.7,0.4735792279243469
PIM1_HUMAN_D0_2C3I_B,27.7,0.5104588270187378
PIM1_HUMAN_D0_3CXW_A,27.7,0.4887889921665192
PIM1_HUMAN_D0_3CY2_A,27.7,0.5358617305755615
PIM1_HUMAN_D0_3CY3_A,27.7,0.5310007333755493
PIM1_HUMAN_D0_2O65_A,27.7,0.5421738624572754
PIM1_HUMAN_D0_1YXU_C,27.7,0.5444265007972717
PIM1_HUMAN_D0_3VBQ_A,27.7,0.5416719317436218
PIM1_HUMAN_D0_3C4E_D,27.7,0.5094688534736633
PIM1_HUMAN_D0_2O63_A,27.7,0.5529380440711975
PIM1_HUMAN_D0_3R04_A,27.7,0.547471821308136
PIM1_HUMAN_D0_4ALW_A,27.7,0.4909551441669464
PIM1_HUMAN_D0_2O64_A,27.7,0.4912761151790619
PIM1_HUMAN_D0_1XR1_A,27.7,0.5191662907600403
PIM1_HUMAN_D0_3BGP_A,27.7,0.5038391351699829
PIM1_HUMAN_D0_3F2A_A,27.7,0.5031795501708984
PIM1_HUMAN_D0_3UMX_A,27.7,0.5408368706703186
PIM1_HUMAN_D0_4IAA_A,27.7,0.5589727163314819
PIM1_HUMAN_D0_4ALU_A,27.7,0.5664292573928833
PIM1_HUMAN_D0_1XQZ_A,27.7,0.5142605304718018
PIM1_HUMAN_D0_3R01_A,27.7,0.5403020977973938
PIM1_HUMAN_D0_2J2I_B,27.7,0.5876275897026062
PIM1_HUMAN_D0_4MED_A,27.7,0.5228638052940369
PIM1_HUMAN_D0_1YXX_A,27.7,0.5297765731811523
PIM1_HUMAN_D0_4N6Z_A,27.7,0.5294639468193054
PIM1_HUMAN_D0_4LM5_A,27.7,0.5103566646575928
PIM1_HUMAN_D0_3WE8_A,27.7,0.5219898819923401
PIM1_HUMAN_D0_2OBJ_A,27.7,0.5153560042381287
PIM1_HUMAN_D0_1YI4_A,27.7,0.5110878348350525
PIM1_HUMAN_D0_2XIZ_A,27.7,0.53383868932724
CDK2_HUMAN_D0_3BHT_C,27.6,0.9610470533370972
CDK2_HUMAN_D0_2UZD_C,27.6,0.7359965443611145
CDK2_HUMAN_D0_1H25_C,27.6,0.885574996471405
CDK2_HUMAN_D0_3S0O_A,27.6,0.7195442914962769
CDK2_HUMAN_D0_1H0W_A,27.6,0.7561084628105164
CDK2_HUMAN_D0_3RK5_A,27.6,0.7663810253143309
CDK2_HUMAN_D0_4EOQ_C,27.6,0.8719435930252075
MK13_HUMAN_D0_4EYJ_A,27.6,1.094097137451172
CDK2_HUMAN_D0_4EK6_A,27.6,0.7042614221572876
CDK2_HUMAN_D0_3NS9_A,27.6,0.7679039835929871
CDK2_HUMAN_D0_1P5E_A,27.6,0.8397150635719299
MK08_HUMAN_D0_3PZE_A,27.6,0.5336527228355408
CDK2_HUMAN_D0_4EOS_A,27.6,0.7925105094909668
MK10_HUMAN_D0_3TTI_A,27.6,0.6142886877059937
TBK1_HUMAN_D0_4IWP_A,27.6,0.6611642241477966
CDK2_HUMAN_D0_4ERW_A,27.6,0.7044050693511963
CDK2_HUMAN_D0_2R3J_A,27.6,0.8090869784355164
CDK2_HUMAN_D0_3PXR_A,27.6,0.7556658983230591
CDK2_HUMAN_D0_4EOS_C,27.6,0.7511681914329529
CDK2_HUMAN_D0_3QXO_A,27.6,0.7220625877380371
CDK2_HUMAN_D0_3QQF_A,27.6,0.7356411814689636
CDK2_HUMAN_D0_4ACM_A,27.6,0.7254659533500671
CDK2_HUMAN_D0_2CCI_A,27.6,0.8047218322753906
CDK2_HUMAN_D0_2WMA_C,27.6,0.9073063135147096
CDK2_HUMAN_D0_2CCI_C,27.6,0.8118630051612854
CDK2_HUMAN_D0_2VTJ_A,27.6,0.685263991355896
CDK2_HUMAN_D0_3S00_A,27.6,0.7340136766433716
CDK2_HUMAN_D0_3S2P_A,27.6,0.6961731910705566
CDK2_HUMAN_D0_2IW6_C,27.6,0.8203845620155334
CDK2_HUMAN_D0_3IGG_A,27.6,0.7502181529998779
CDK2_HUMAN_D0_1OI9_A,27.6,0.8191205859184265
CDK2_HUMAN_D0_2G9X_A,27.6,0.7985010743141174
CDK2_HUMAN_D0_3QTR_A,27.6,0.7676623463630676
MK10_HUMAN_D0_2R9S_A,27.6,0.953905701637268
CDK2_HUMAN_D0_3LFQ_A,27.6,0.7921086549758911
MK08_HUMAN_D0_4L7F_A,27.6,0.6732630133628845
CDK2_HUMAN_D0_4EZ7_A,27.6,0.8422731757164001
MK10_HUMAN_D0_3G9N_A,27.6,0.5434682965278625
CDK2_HUMAN_D0_2C5X_A,27.6,0.6621048450469971
MK08_HUMAN_D0_4QTD_A,27.6,0.5408359766006471
CDK2_HUMAN_D0_1H25_A,27.6,0.8343420624732971
CDK2_HUMAN_D0_1H27_A,27.6,0.7069925665855408
CDK2_HUMAN_D0_3PXQ_A,27.6,0.776032030582428
MK10_HUMAN_D0_3PTG_A,27.6,0.7415091991424559
CDK2_HUMAN_D0_1OIR_A,27.6,0.7744459509849548
CDK2_HUMAN_D0_2CCH_A,27.6,0.8928906321525574
CDK2_HUMAN_D0_4FKV_A,27.6,0.7889126539230347
CDK2_HUMAN_D0_2W06_A,27.6,0.7176971435546875
CDK2_HUMAN_D0_1BUH_A,27.6,0.7543890476226807
CDK2_HUMAN_D0_2FVD_A,27.6,0.8429467678070068
CDK2_HUMAN_D0_2R3L_A,27.6,0.7351729869842529
CDK2_HUMAN_D0_4EK8_A,27.6,0.7251529097557068
CDK2_HUMAN_D0_2C5V_A,27.6,0.6670494079589844
CDK2_HUMAN_D0_1KE7_A,27.6,0.7296528816223145
CDK2_HUMAN_D0_3MY5_C,27.6,0.8609218597412109
CDK2_HUMAN_D0_3RAL_A,27.6,0.8133864998817444
CDK2_HUMAN_D0_3PJ8_A,27.6,0.7349023222923279
CDK2_HUMAN_D0_3R1Q_A,27.6,0.7097325325012207
CDK2_HUMAN_D0_3BHT_A,27.6,0.8281484842300415
CDK2_HUMAN_D0_3QQH_A,27.6,0.7190431356430054
CDK2_HUMAN_D0_1OL1_C,27.6,0.6554450392723083
MK10_HUMAN_D0_2R9S_B,27.6,0.5533224940299988
CDK2_HUMAN_D0_4FKG_A,27.6,0.7007420063018799
CDK2_HUMAN_D0_1W0X_C,27.6,0.7106322050094604
CDK2_HUMAN_D0_3PXZ_A,27.6,0.7779324650764465
MP2K6_HUMAN_D0_3VN9_A,27.6,0.5723574161529541
CDK2_HUMAN_D0_2C6T_A,27.6,0.8033542633056641
CDK2_HUMAN_D0_1H26_C,27.6,0.9410261511802672
CDK2_HUMAN_D0_1W8C_A,27.6,0.762049674987793
CDK2_HUMAN_D0_2UZD_A,27.6,0.7133066058158875
CDK2_HUMAN_D0_4CFW_A,27.6,0.810011625289917
CLK2_HUMAN_D0_3NR9_B,27.6,1.0648983716964722
MK10_HUMAN_D0_3V6S_A,27.6,0.5690436959266663
CDK2_HUMAN_D0_3R9O_A,27.6,0.7623183131217957
CDK2_HUMAN_D0_1GII_A,27.6,0.7060974240303041
CDK2_HUMAN_D0_3R8L_A,27.6,0.7264612913131714
CDK2_HUMAN_D0_3WBL_A,27.6,0.7167982459068298
CDK2_HUMAN_D0_2WMB_A,27.6,0.8900110125541687
CDK2_HUMAN_D0_3PXF_A,27.6,0.8046725988388062
CDK2_HUMAN_D0_2C68_A,27.6,0.8066080212593079
CDK2_HUMAN_D0_3QQK_A,27.6,0.7691205739974976
CDK2_HUMAN_D0_1V1K_A,27.6,0.9247598648071288
BRI1_ARATH_D0_4OH4_B,27.6,0.4723008871078491
CDK2_HUMAN_D0_3RNI_A,27.6,0.7724326848983765
CDK2_HUMAN_D0_3QTX_A,27.6,0.75592440366745
MK10_HUMAN_D0_4U79_A,27.6,0.6086529493331909
CDK2_HUMAN_D0_2VTR_A,27.6,0.7154220938682556
CDK2_HUMAN_D0_3R1S_A,27.6,0.7279142737388611
CDK2_HUMAN_D0_3QXP_A,27.6,0.7949457764625549
TBK1_HUMAN_D0_4IM0_A,27.6,0.5808423757553101
CDK2_HUMAN_D0_3RPY_A,27.6,0.6811704039573669
CDK2_HUMAN_D0_2VTA_A,27.6,0.7756216526031494
MK10_HUMAN_D0_3RTP_A,27.6,0.5529163479804993
CDK2_HUMAN_D0_2BKZ_A,27.6,0.7253013253211975
CDK2_HUMAN_D0_2UZL_A,27.6,0.7554986476898193
CDK2_HUMAN_D0_2C5O_A,27.6,0.6649932861328125
CDK2_HUMAN_D0_2VTO_A,27.6,0.7787756323814392
CDK2_HUMAN_D0_3RK7_A,27.6,0.7086560726165771
CDK2_HUMAN_D0_4FX3_C,27.6,0.7108567357063293
MK10_HUMAN_D0_4KKG_A,27.6,0.5381420850753784
CDK2_HUMAN_D0_3DDP_C,27.6,0.8224685788154602
CDK2_HUMAN_D0_4II5_C,27.6,0.830862820148468
CDK2_HUMAN_D0_3RM7_A,27.6,0.7872627973556519
CDK2_HUMAN_D0_2WEV_C,27.6,0.7530072927474976
CDK2_HUMAN_D0_3F5X_A,27.6,0.7652495503425598
CDK2_HUMAN_D0_3QQL_A,27.6,0.804271399974823
CDK2_HUMAN_D0_3EJ1_C,27.6,0.7251489162445068
CDK2_HUMAN_D0_1H1S_C,27.6,0.8081381320953369
CDK2_HUMAN_D0_1PXI_A,27.6,0.7170053720474243
CDK2_HUMAN_D0_4BCM_A,27.6,0.7094812393188477
CDK2_HUMAN_D0_3R7Y_A,27.6,0.7525865435600281
MK10_HUMAN_D0_3CGF_A,27.6,0.5403990149497986
CDK2_HUMAN_D0_1GY3_C,27.6,0.7341092824935913
CDK2_HUMAN_D0_3TIY_A,27.6,0.7370803356170654
CDK2_HUMAN_D0_1H27_C,27.6,0.8220602869987488
CDK2_HUMAN_D0_4EZ3_A,27.6,0.7735080122947693
CDK2_HUMAN_D0_1OKW_C,27.6,0.7396838068962097
CDK2_HUMAN_D0_3EID_A,27.6,0.6342071890830994
MK10_HUMAN_D0_3FI2_A,27.6,0.5914638638496399
CDK2_HUMAN_D0_2WIH_A,27.6,0.755448043346405
CDK2_HUMAN_D0_1URW_A,27.6,0.7815919518470764
CDK2_HUMAN_D0_4KD1_A,27.6,0.7353658080101013
TBK1_HUMAN_D0_4EUT_A,27.6,0.6182720065116882
CDK2_HUMAN_D0_3TNW_A,27.6,0.8359093070030212
CDK2_HUMAN_D0_1OIU_C,27.6,0.9887312650680542
CDK2_HUMAN_D0_2B52_A,27.6,0.7780066132545471
CDK2_HUMAN_D0_3QHW_C,27.6,0.8637465834617615
CDK2_HUMAN_D0_3RKB_A,27.6,0.7377834916114807
CDK2_HUMAN_D0_1JST_A,27.6,0.8112714290618896
CDK2_HUMAN_D0_1PXN_A,27.6,0.8044276237487793
CDK2_HUMAN_D0_2UZN_A,27.6,0.7178628444671631
MLKL_HUMAN_D0_4M67_A,27.6,0.5264271497726439
CDK2_HUMAN_D0_4CFW_C,27.6,0.8173532485961914
CDK2_HUMAN_D0_4EOJ_C,27.6,0.927524983882904
CDK2_HUMAN_D0_3R7U_A,27.6,0.7287374138832092
MK10_HUMAN_D0_4H36_A,27.6,0.5957148671150208
CLK2_HUMAN_D0_3NR9_A,27.6,1.0824263095855713
CDK2_HUMAN_D0_2EXM_A,27.6,0.7909286022186279
MK10_HUMAN_D0_3G90_X,27.6,0.5347386002540588
CDK2_HUMAN_D0_4BCP_C,27.6,0.908107340335846
CDK2_HUMAN_D0_3EJ1_A,27.6,0.7039283514022827
CDK2_HUMAN_D0_1H28_C,27.6,0.7643635272979736
MK10_HUMAN_D0_1PMV_A,27.6,0.5619435310363771
CDK2_HUMAN_D0_1DM2_A,27.6,0.70871502161026
MK13_HUMAN_D0_4EXU_A,27.6,0.9934978485107422
CDK2_HUMAN_D0_2CCH_C,27.6,0.7496702075004578
CDK2_HUMAN_D0_3BHV_A,27.6,0.7807958722114563
MK10_HUMAN_D0_2OK1_A,27.6,0.5487580895423889
CDK2_HUMAN_D0_2A4L_A,27.6,0.732075035572052
MK10_HUMAN_D0_2WAJ_A,27.6,0.5414478778839111
CDK2_HUMAN_D0_1VYW_C,27.6,0.7573875188827515
CDK2_HUMAN_D0_3PXY_A,27.6,0.7269741296768188
CDK2_HUMAN_D0_2B55_A,27.6,0.7134127616882324
CDK2_HUMAN_D0_3BHU_A,27.6,0.7915872931480408
CDK2_HUMAN_D0_3EID_C,27.6,0.6957743763923645
MK10_HUMAN_D0_2P33_A,27.6,0.5404096841812134
CDK2_HUMAN_D0_2XNB_A,27.6,0.7686471343040466
CDK2_HUMAN_D0_1KE8_A,27.6,0.7305595874786377
CDK2_HUMAN_D0_3DOG_A,27.6,0.8231971859931946
CDK2_HUMAN_D0_1VYZ_A,27.6,0.7060943841934204
BRI1_ARATH_D0_4OA6_A,27.6,0.8135055303573608
CDK2_HUMAN_D0_3QZI_A,27.6,0.7294670939445496
CDK2_HUMAN_D0_2BHH_A,27.6,0.7891151905059814
MK10_HUMAN_D0_2B1P_A,27.6,0.6059310436248779
CDK2_HUMAN_D0_4EK5_A,27.6,0.6922520995140076
CDK2_HUMAN_D0_2BKZ_C,27.6,0.7355595231056213
CDK2_HUMAN_D0_1F5Q_A,27.6,0.7438972592353821
CDK2_HUMAN_D0_1PXO_A,27.6,0.7469349503517151
CDK2_HUMAN_D0_3QRU_A,27.6,0.7642160654067993
CDK2_HUMAN_D0_3EZV_A,27.6,0.741585373878479
MYLK4_HUMAN_D0_2X4F_B,27.6,0.650588870048523
KS6A5_HUMAN_D0_1VZO_A,27.6,0.8183295726776123
CDK2_HUMAN_D0_1PYE_A,27.6,0.758551299571991
MK10_HUMAN_D0_3V6R_B,27.6,0.5593109130859375
CDK2_HUMAN_D0_3PY0_A,27.6,0.7585259675979614
CDK2_HUMAN_D0_2W1H_A,27.6,0.8031158447265625
CDK2_HUMAN_D0_4CFN_A,27.6,0.8440874218940735
CDK2_HUMAN_D0_2CLX_A,27.6,0.7050491571426392
CDK2_HUMAN_D0_1JVP_P,27.6,0.7026343941688538
CDK2_HUMAN_D0_1HCL_A,27.6,0.7443474531173706
CDK2_HUMAN_D0_3RMF_A,27.6,0.7597534656524658
CDK2_HUMAN_D0_1OIY_C,27.6,0.7895273566246033
CDK2_HUMAN_D0_2UZB_C,27.6,0.7060235738754272
CDK2_HUMAN_D0_3TNW_C,27.6,0.8143481016159058
CDK2_HUMAN_D0_1KE9_A,27.6,0.6926622986793518
CDK2_HUMAN_D0_4FKU_A,27.6,0.7621682286262512
CDK2_HUMAN_D0_2R3I_A,27.6,0.7631956338882446
CLK2_HUMAN_D0_3NR9_C,27.6,1.0755513906478882
CDK2_HUMAN_D0_1OL1_A,27.6,0.6869811415672302
CDK2_HUMAN_D0_2C5Y_A,27.6,0.7270607352256775
CDK2_HUMAN_D0_4FKJ_A,27.6,0.7316301465034485
CDK2_HUMAN_D0_2R3Q_A,27.6,0.7649348378181458
CDK2_HUMAN_D0_2BTR_A,27.6,0.6997049450874329
CDK2_HUMAN_D0_3SW4_A,27.6,0.7079958915710449
CDK2_HUMAN_D0_2C5N_A,27.6,0.677193284034729
CDK2_HUMAN_D0_1OKW_A,27.6,0.6661709547042847
RIPK2_HUMAN_D0_4C8B_A,27.6,0.7622814178466797
CDK2_HUMAN_D0_2WIP_C,27.6,0.707981288433075
CDK2_HUMAN_D0_3R8Z_A,27.6,0.7619175314903259
CDK2_HUMAN_D0_2B54_A,27.6,0.7343291640281677
CDK2_HUMAN_D0_2C69_A,27.6,0.7659274935722351
CDK2_HUMAN_D0_1H1R_C,27.6,0.8174214363098145
CDK2_HUMAN_D0_2WPA_C,27.6,0.7204797267913818
CDK2_HUMAN_D0_4BCQ_A,27.6,0.7537261843681335
CDK2_HUMAN_D0_3QX4_A,27.6,0.7177252173423767
CDK2_HUMAN_D0_4FKO_A,27.6,0.8436121940612793
TBK1_HUMAN_D0_4IW0_A,27.6,0.5416528582572937
CDK2_HUMAN_D0_2JGZ_A,27.6,0.7139592170715332
CDK2_HUMAN_D0_2X1N_C,27.6,0.7093664407730103
TBK1_HUMAN_D0_4IM2_A,27.6,0.6564894318580627
CDK2_HUMAN_D0_2C6T_C,27.6,0.7796853184700012
MELK_HUMAN_D0_4UMP_C,27.6,0.6183995008468628
CDK2_HUMAN_D0_3QHW_A,27.6,0.8271770477294922
CDK2_HUMAN_D0_4BCO_A,27.6,0.7551782727241516
CDK2_HUMAN_D0_2C4G_C,27.6,0.7930494546890259
CDK2_HUMAN_D0_4EON_A,27.6,0.9303386211395264
CDK2_HUMAN_D0_4FKW_A,27.6,0.8056941032409668
CDK2_HUMAN_D0_2UZE_A,27.6,0.803547739982605
CDK2_HUMAN_D0_4I3Z_C,27.6,0.7787438631057739
CDK2_HUMAN_D0_3RPR_A,27.6,0.7165108919143677
CDK2_HUMAN_D0_2CJM_C,27.6,0.8141043186187744
CDK2_HUMAN_D0_4FKT_A,27.6,0.7392333745956421
MP2K6_HUMAN_D0_3FME_A,27.6,0.6208662986755371
CDK2_HUMAN_D0_2C5V_C,27.6,0.6959394812583923
CDK2_HUMAN_D0_3ROY_A,27.6,0.7203382849693298
CDK2_HUMAN_D0_1H0V_A,27.6,0.7663838267326355
CDK2_HUMAN_D0_2V22_A,27.6,0.6677457690238953
CDK2_HUMAN_D0_4EOM_C,27.6,1.0244228839874268
CDK2_HUMAN_D0_4EOP_A,27.6,0.7599464058876038
CDK2_HUMAN_D0_3QWJ_A,27.6,0.7513914704322815
CDK2_HUMAN_D0_4BCM_C,27.6,0.8057128787040709
CDK2_HUMAN_D0_3R6X_A,27.6,0.7996546626091003
CDK2_HUMAN_D0_1OIU_A,27.6,0.830470621585846
CDK2_HUMAN_D0_1B39_A,27.6,0.6979426741600037
CDK2_HUMAN_D0_3R9D_A,27.6,0.7337965965270996
CDK2_HUMAN_D0_3R7I_A,27.6,0.697533905506134
CDK2_HUMAN_D0_2WPA_A,27.6,0.7651458978652954
CDK2_HUMAN_D0_2VU3_A,27.6,0.8319209814071655
CDK2_HUMAN_D0_3RAH_A,27.6,0.7176107168197632
CDK2_HUMAN_D0_1H01_A,27.6,0.7155981063842773
MK10_HUMAN_D0_2ZDU_A,27.6,0.5493602752685547
CDK2_HUMAN_D0_1QMZ_A,27.6,0.8577763438224792
CDK2_HUMAN_D0_2J9M_A,27.6,0.7516255378723145
CDK2_HUMAN_D0_1FVV_C,27.6,0.7524632811546326
CDK2_HUMAN_D0_2C5X_C,27.6,0.7165451049804688
CDK2_HUMAN_D0_1W98_A,27.6,0.6943278908729553
CDK2_HUMAN_D0_3QZG_A,27.6,0.7728861570358276
CDK2_HUMAN_D0_3S1H_A,27.6,0.7285880446434021
CDK2_HUMAN_D0_2C6K_A,27.6,0.7332278490066528
CDK2_HUMAN_D0_2WFY_A,27.6,0.7316330671310425
CDK2_HUMAN_D0_2WFY_C,27.6,0.7386246323585509
CDK2_HUMAN_D0_2UUE_A,27.6,0.7224990129470825
CDK2_HUMAN_D0_2R3R_A,27.6,0.7785194516181946
CDK2_HUMAN_D0_1KE5_A,27.6,0.7454497218132019
CDK2_HUMAN_D0_3QTZ_A,27.6,0.7414845824241638
CDK2_HUMAN_D0_1URC_C,27.6,0.6857147812843323
CDK2_HUMAN_D0_1P5E_C,27.6,0.8320726156234741
CDK2_HUMAN_D0_3QRT_A,27.6,0.7348918318748474
CDK2_HUMAN_D0_3FZ1_A,27.6,0.7052062749862671
CDK2_HUMAN_D0_1G5S_A,27.6,0.8357394337654114
CDK2_HUMAN_D0_1H1P_A,27.6,0.8251686692237854
CDK2_HUMAN_D0_3SQQ_A,27.6,0.7377727627754211
CDK2_HUMAN_D0_1JST_C,27.6,0.7235130667686462
CDK2_HUMAN_D0_1H1S_A,27.6,0.8457897901535034
CDK2_HUMAN_D0_3DDP_A,27.6,0.7328502535820007
CDK2_HUMAN_D0_2IW9_A,27.6,0.8074848651885986
CDK2_HUMAN_D0_3QWK_A,27.6,0.7489027976989746
CDK2_HUMAN_D0_2C5O_C,27.6,0.7289596199989319
CDK2_HUMAN_D0_1H1Q_A,27.6,0.8381451368331909
CDK2_HUMAN_D0_1H24_A,27.6,0.8640305995941162
MK10_HUMAN_D0_3OXI_A,27.6,0.5950719118118286
CDK2_HUMAN_D0_4GCJ_A,27.6,0.8183830380439758
CDK2_HUMAN_D0_1PXJ_A,27.6,0.733768105506897
MK10_HUMAN_D0_3OY1_A,27.6,0.5309939384460449
CDK2_HUMAN_D0_1E1X_A,27.6,0.7604056596755981
CDK2_HUMAN_D0_3R83_A,27.6,0.7569146156311035
CDK2_HUMAN_D0_2X1N_A,27.6,0.6919792294502258
CDK2_HUMAN_D0_1OIT_A,27.6,0.7496660351753235
CDK2_HUMAN_D0_2C5N_C,27.6,0.7041754722595215
CDK2_HUMAN_D0_2WMA_A,27.6,0.8383784890174866
CDK2_HUMAN_D0_3LFS_A,27.6,0.8215301632881165
CDK2_HUMAN_D0_1OI9_C,27.6,0.8035432696342468
CDK2_HUMAN_D0_2V22_C,27.6,0.7133362889289856
CDK2_HUMAN_D0_4I3Z_A,27.6,0.7577250003814697
CDK2_HUMAN_D0_1QMZ_C,27.6,0.7691527605056763
CDK2_HUMAN_D0_2WHB_C,27.6,0.7137107849121094
CDK2_HUMAN_D0_3R8P_A,27.6,0.7337526679039001
CDK2_HUMAN_D0_1H07_A,27.6,0.8217012882232666
CDK2_HUMAN_D0_4FKQ_A,27.6,0.7516421675682068
MK08_HUMAN_D0_3ELJ_A,27.6,0.5334054827690125
CDK2_HUMAN_D0_4LYN_A,27.6,0.7189254760742188
CDK2_HUMAN_D0_1H08_A,27.6,0.7209208607673645
CDK2_HUMAN_D0_1FVV_A,27.6,0.7780473828315735
MK10_HUMAN_D0_4KKH_A,27.6,0.5624196529388428
CDK2_HUMAN_D0_2BTS_A,27.6,0.7938110828399658
CDK2_HUMAN_D0_2C6I_A,27.6,0.7118488550186157
CDK2_HUMAN_D0_2R3M_A,27.6,0.8330435752868652
MK10_HUMAN_D0_3CGO_A,27.6,0.5468218326568604
CDK2_HUMAN_D0_4BCP_A,27.6,0.7435024380683899
CDK2_HUMAN_D0_2VTP_A,27.6,0.7551566362380981
CDK2_HUMAN_D0_3RAI_A,27.6,0.7755844593048096
CDK2_HUMAN_D0_4BCN_A,27.6,0.7613518834114075
MK08_HUMAN_D0_4AWI_A,27.6,0.5168724656105042
CDK2_HUMAN_D0_2VV9_A,27.6,0.7245857119560242
CDK2_HUMAN_D0_2WIH_C,27.6,0.7586115002632141
CDK2_HUMAN_D0_4EOI_C,27.6,0.779953122138977
CDK2_HUMAN_D0_2R3F_A,27.6,0.7924628853797913
CDK2_HUMAN_D0_3QZH_A,27.6,0.7514928579330444
CDK2_HUMAN_D0_4EOI_A,27.6,0.6841925978660583
MK10_HUMAN_D0_1PMN_A,27.6,0.5509990453720093
CDK2_HUMAN_D0_2VTQ_A,27.6,0.7638933658599854
CDK2_HUMAN_D0_3R7V_A,27.6,0.7793650031089783
CDK2_HUMAN_D0_1DI8_A,27.6,0.7051125764846802
CDK2_HUMAN_D0_3EOC_C,27.6,0.7286025285720825
CDK2_HUMAN_D0_3RK9_A,27.6,0.7774155735969543
CDK2_HUMAN_D0_3UNK_A,27.6,0.7664471864700317
CDK2_HUMAN_D0_4FX3_A,27.6,0.7363598346710205
CDK2_HUMAN_D0_2CJM_A,27.6,0.8411252498626709
CDK2_HUMAN_D0_3R1Y_A,27.6,0.7323145866394043
CDK2_HUMAN_D0_2XMY_A,27.6,0.7569425106048584
CDK2_HUMAN_D0_3UNJ_A,27.6,0.8457778692245483
CDK2_HUMAN_D0_4BCK_C,27.6,0.7969642877578735
CDK2_HUMAN_D0_3QTQ_A,27.6,0.7477641701698303
CDK2_HUMAN_D0_2G9X_C,27.6,1.0197910070419312
CDK2_HUMAN_D0_3R73_A,27.6,0.7226596474647522
CDK2_HUMAN_D0_4EOK_A,27.6,0.7175963521003723
CDK2_HUMAN_D0_2UUE_C,27.6,0.6768152713775635
BRI1_ARATH_D0_4OH4_A,27.6,0.5241233706474304
MYLK4_HUMAN_D0_2X4F_A,27.6,0.618546724319458
CDK2_HUMAN_D0_4FKR_A,27.6,0.7363467216491699
CDK2_HUMAN_D0_4BCK_A,27.6,0.8150232434272766
CDK2_HUMAN_D0_2VTM_A,27.6,0.7050703167915344
CDK2_HUMAN_D0_3QL8_A,27.6,0.7159683704376221
CDK2_HUMAN_D0_1PXK_A,27.6,0.702322781085968
CDK2_HUMAN_D0_1OL2_A,27.6,0.6805827617645264
CDK2_HUMAN_D0_3R28_A,27.6,0.7261717915534973
CDK2_HUMAN_D0_3QZF_A,27.6,0.7285464406013489
CDK2_HUMAN_D0_3RJC_A,27.6,0.7358779907226562
CDK2_HUMAN_D0_3R7E_A,27.6,0.718865692615509
CDK2_HUMAN_D0_4BCO_C,27.6,0.8553702235221863
CDK2_HUMAN_D0_3F5X_C,27.6,0.6936004161834717
MK10_HUMAN_D0_4KKE_A,27.6,0.5258832573890686
CDK2_HUMAN_D0_1H00_A,27.6,0.7514393925666809
RIPK2_HUMAN_D0_4C8B_B,27.6,0.4633397459983826
CDK2_HUMAN_D0_3R9H_A,27.6,0.7419702410697937
CDK2_HUMAN_D0_2VTH_A,27.6,0.7544874548912048
CDK2_HUMAN_D0_3LE6_A,27.6,0.7194173336029053
CDK2_HUMAN_D0_2VTN_A,27.6,0.7712574601173401
CDK2_HUMAN_D0_3QHR_C,27.6,0.8545483946800232
CDK2_HUMAN_D0_3QTU_A,27.6,0.7028696537017822
CDK2_HUMAN_D0_1FQ1_B,27.6,0.6922048926353455
CDK2_HUMAN_D0_3TI1_A,27.6,0.7884236574172974
CDK2_HUMAN_D0_3ULI_A,27.6,0.7479868531227112
MK10_HUMAN_D0_3DA6_A,27.6,0.56629478931427
CDK2_HUMAN_D0_3QHR_A,27.6,0.782394289970398
CDK2_HUMAN_D0_1PKD_C,27.6,0.8207286596298218
CDK2_HUMAN_D0_1P2A_A,27.6,0.8383956551551819
TBK1_HUMAN_D0_4IM3_A,27.6,0.8404032588005066
CDK2_HUMAN_D0_1F5Q_C,27.6,0.7354834079742432
CDK2_HUMAN_D0_3QTW_A,27.6,0.6823500990867615
CDK2_HUMAN_D0_3QTS_A,27.6,0.6777200102806091
MK10_HUMAN_D0_2ZDT_A,27.6,0.6446819305419922
CDK2_HUMAN_D0_4BCN_C,27.6,0.7980721592903137
CDK2_HUMAN_D0_4FKI_A,27.6,0.742920458316803
CDK2_HUMAN_D0_2IW9_C,27.6,0.8521906733512878
CDK2_HUMAN_D0_3EOC_A,27.6,0.655430018901825
CDK2_HUMAN_D0_3RPO_A,27.6,0.6898151636123657
CDK2_HUMAN_D0_1H1R_A,27.6,0.8132632970809937
CDK2_HUMAN_D0_4FKL_A,27.6,0.7775209546089172
MK13_HUMAN_D0_4EYM_A,27.6,1.0730018615722656
CDK2_HUMAN_D0_4EON_C,27.6,0.8619567155838013
CDK2_HUMAN_D0_2VTL_A,27.6,0.7738102674484253
CDK2_HUMAN_D0_3QX2_A,27.6,0.7465609908103943
CDK2_HUMAN_D0_2WIP_A,27.6,0.7347332239151001
CDK2_HUMAN_D0_3TIZ_A,27.6,0.7700114250183105
CDK2_HUMAN_D0_2DS1_A,27.6,0.7436924576759338
CDK2_HUMAN_D0_4EOR_C,27.6,0.9864107370376588
AURKA_HUMAN_D0_4B0G_A,27.6,0.4523160755634308
CDK2_HUMAN_D0_3LFN_A,27.6,0.7650294303894043
CDK2_HUMAN_D0_2C6L_A,27.6,0.7316074371337891
CDK2_HUMAN_D0_2C6M_A,27.6,0.8172791600227356
CDK2_HUMAN_D0_1OGU_C,27.6,0.9671781063079834
CDK2_HUMAN_D0_2UZL_C,27.6,0.8494081497192383
CDK2_HUMAN_D0_4BGH_A,27.6,0.7847470641136169
CDK2_HUMAN_D0_3R8V_A,27.6,0.7979035377502441
CDK2_HUMAN_D0_1PXM_A,27.6,0.7715502977371216
CDK2_HUMAN_D0_2R3H_A,27.6,0.8186099529266357
CDK2_HUMAN_D0_4BCQ_C,27.6,0.8325250148773193
CDK2_HUMAN_D0_1FIN_A,27.6,0.7644716501235962
CDK2_HUMAN_D0_2W05_A,27.6,0.7419702410697937
TBK1_HUMAN_D0_4EUT_B,27.6,0.6842806935310364
CDK2_HUMAN_D0_3DDQ_A,27.6,0.8618248701095581
CDK2_HUMAN_D0_1OIY_A,27.6,0.8087854981422424
CDK2_HUMAN_D0_3MY5_A,27.6,0.7880977988243103
CDK2_HUMAN_D0_1AQ1_A,27.6,0.7512040138244629
CDK2_HUMAN_D0_1Y91_A,27.6,0.7264543175697327
CDK2_HUMAN_D0_3RM6_A,27.6,0.7085536122322083
CDK2_HUMAN_D0_3PY1_A,27.6,0.8078826665878296
CDK2_HUMAN_D0_4CFN_C,27.6,0.8482332825660706
CDK2_HUMAN_D0_1H1Q_C,27.6,0.7172088027000427
CDK2_HUMAN_D0_2IW8_C,27.6,0.9950677752494812
CDK2_HUMAN_D0_3DDQ_C,27.6,1.059215068817139
CDK2_HUMAN_D0_2IW6_A,27.6,0.8279616236686707
CDK2_HUMAN_D0_2WXV_A,27.6,0.6865174770355225
CDK2_HUMAN_D0_2R3N_A,27.6,0.7187446355819702
CDK2_HUMAN_D0_4EK4_A,27.6,0.7675502896308899
CDK2_HUMAN_D0_1PXL_A,27.6,0.7462362051010132
MK10_HUMAN_D0_3FI3_A,27.6,0.5598931908607483
CDK2_HUMAN_D0_1OIQ_A,27.6,0.7684416770935059
CDK2_HUMAN_D0_1YKR_A,27.6,0.6863242387771606
CDK2_HUMAN_D0_1H24_C,27.6,0.8323994278907776
CDK2_HUMAN_D0_4EOL_C,27.6,0.7737313508987427
CDK2_HUMAN_D0_1PXP_A,27.6,0.7271195650100708
CDK2_HUMAN_D0_1Y8Y_A,27.6,0.7483099102973938
CDK2_HUMAN_D0_1VYW_A,27.6,0.687924861907959
CDK2_HUMAN_D0_1OL2_C,27.6,0.7436746954917908
CDK2_HUMAN_D0_1FIN_C,27.6,0.6808478832244873
CDK2_HUMAN_D0_3RPV_A,27.6,0.7768335938453674
CDK2_HUMAN_D0_3DOG_C,27.6,0.971705436706543
CDK2_HUMAN_D0_3QU0_A,27.6,0.7455915808677673
CDK2_HUMAN_D0_4EOO_A,27.6,0.8783549666404724
CDK2_HUMAN_D0_1H1P_C,27.6,0.7633930444717407
CDK2_HUMAN_D0_3R8U_A,27.6,0.7088598012924194
CDK2_HUMAN_D0_1GZ8_A,27.6,0.7472173571586609
CDK2_HUMAN_D0_2UZB_A,27.6,0.8399110436439514
CDK2_HUMAN_D0_1CKP_A,27.6,0.7256388664245605
CDK2_HUMAN_D0_2C4G_A,27.6,0.6781780123710632
MK10_HUMAN_D0_3V6S_B,27.6,0.5401780009269714
CDK2_HUMAN_D0_1OKV_C,27.6,0.7092217803001404
CDK2_HUMAN_D0_1E9H_A,27.6,0.6927736401557922
CDK2_HUMAN_D0_2BPM_C,27.6,0.7419213056564331
MK10_HUMAN_D0_3V6R_A,27.6,0.5371512174606323
CDK2_HUMAN_D0_2VTS_A,27.6,0.7360170483589172
CDK2_HUMAN_D0_1PKD_A,27.6,0.81969153881073
CDK2_HUMAN_D0_3QQG_A,27.6,0.7945863008499146
CDK2_HUMAN_D0_2R64_A,27.6,0.6662099361419678
CDK2_HUMAN_D0_3R8M_A,27.6,0.807496190071106
CDK2_HUMAN_D0_2BHE_A,27.6,0.7075168490409851
CDK2_HUMAN_D0_2A0C_X,27.6,0.7152239084243774
CDK2_HUMAN_D0_4II5_A,27.6,0.8409683704376221
CDK2_HUMAN_D0_1WCC_A,27.6,0.680995762348175
MLKL_HUMAN_D0_4MWI_A,27.6,0.5361620783805847
MK10_HUMAN_D0_2O2U_A,27.6,0.5940708518028259
MK10_HUMAN_D0_1PMQ_A,27.6,0.6173362135887146
MK10_HUMAN_D0_3FV8_A,27.6,0.5658116936683655
CDK2_HUMAN_D0_3RAK_A,27.6,0.7489913702011108
TBK1_HUMAN_D0_4IWQ_A,27.6,0.6319533586502075
CDK2_HUMAN_D0_2UZO_A,27.6,0.7208101749420166
CDK2_HUMAN_D0_2BPM_A,27.6,0.7090360522270203
CDK2_HUMAN_D0_1R78_A,27.6,0.7470343112945557
CDK2_HUMAN_D0_2R3O_A,27.6,0.7266206741333008
MK13_HUMAN_D0_3COI_A,27.6,0.986577332019806
BRI1_ARATH_D0_4OAB_A,27.6,0.7867968678474426
CDK2_HUMAN_D0_2R3G_A,27.6,0.7400709390640259
CDK2_HUMAN_D0_2DUV_A,27.6,0.7194557189941406
CDK2_HUMAN_D0_1OGU_A,27.6,0.8412672281265259
CDK2_HUMAN_D0_2I40_A,27.6,0.7297539710998535
CDK2_HUMAN_D0_3R71_A,27.6,0.7382347583770752
CDK2_HUMAN_D0_4EOR_A,27.6,0.8470875024795532
CDK2_HUMAN_D0_2B53_A,27.6,0.764917254447937
CDK2_HUMAN_D0_4EOP_C,27.6,0.8588950634002686
CDK2_HUMAN_D0_1KE6_A,27.6,0.6766370534896851
CDK2_HUMAN_D0_2VTT_A,27.6,0.7890189290046692
MK10_HUMAN_D0_2EXC_X,27.6,0.5341986417770386
CDK2_HUMAN_D0_4EK3_A,27.6,0.7318950891494751
CDK2_HUMAN_D0_4FKP_A,27.6,0.6654596328735352
CDK2_HUMAN_D0_1E9H_C,27.6,0.8043258190155029
MK10_HUMAN_D0_4H3B_A,27.6,0.6512566804885864
CDK2_HUMAN_D0_4EOM_A,27.6,0.8510309457778931
MK10_HUMAN_D0_4H3B_C,27.6,0.6377332210540771
CDK2_HUMAN_D0_1PF8_A,27.6,0.7708398103713989
CDK2_HUMAN_D0_4EOK_C,27.6,0.8129768967628479
CDK2_HUMAN_D0_1OKV_A,27.6,0.7077301144599915
CDK2_HUMAN_D0_3BHU_C,27.6,0.9122452139854432
CDK2_HUMAN_D0_1URC_A,27.6,0.7031947374343872
CDK2_HUMAN_D0_1FVT_A,27.6,0.7249563336372375
CDK2_HUMAN_D0_1HCK_A,27.6,0.7322125434875488
CDK2_HUMAN_D0_4EOQ_A,27.6,0.8483777642250061
CDK2_HUMAN_D0_2C6O_A,27.6,0.7224740982055664
MK10_HUMAN_D0_1JNK_A,27.6,0.5386567115783691
MK10_HUMAN_D0_3TTJ_A,27.6,0.5460025072097778
CDK2_HUMAN_D0_4BZD_A,27.6,0.8747901916503906
CDK2_HUMAN_D0_3BHV_C,27.6,0.8736379146575928
CDK2_HUMAN_D0_2WMB_C,27.6,0.9631345272064208
CDK2_HUMAN_D0_2VTI_A,27.6,0.7104887962341309
CDK2_HUMAN_D0_1PW2_A,27.6,0.7078845500946045
MK10_HUMAN_D0_2O0U_A,27.6,0.5520616769790649
CDK2_HUMAN_D0_2IW8_A,27.6,0.8550448417663574
CDK2_HUMAN_D0_3IG7_A,27.6,0.7173906564712524
CDK2_HUMAN_D0_2WEV_A,27.6,0.6935979723930359
CDK2_HUMAN_D0_2WHB_A,27.6,0.6858437061309814
MK10_HUMAN_D0_1PMU_A,27.6,0.5741514563560486
CDK2_HUMAN_D0_1GY3_A,27.6,0.7753812074661255
CDK2_HUMAN_D0_1GIH_A,27.6,0.7070843577384949
CDK2_HUMAN_D0_3R9N_A,27.6,0.6847532391548157
CDK2_HUMAN_D0_1H28_A,27.6,0.8252493739128113
CDK2_HUMAN_D0_3RZB_A,27.6,0.7148532271385193
MK10_HUMAN_D0_3G9L_X,27.6,0.6415095925331116
CDK2_HUMAN_D0_1JSV_A,27.6,0.7382683157920837
CDK2_HUMAN_D0_1GIJ_A,27.6,0.7529441118240356
CDK2_HUMAN_D0_4EOJ_A,27.6,0.8725865483283997
CDK2_HUMAN_D0_1E1V_A,27.6,0.7357894778251648
CDK2_HUMAN_D0_1B38_A,27.6,0.7111145853996277
CDK2_HUMAN_D0_3QQJ_A,27.6,0.7664910554885864
CDK2_HUMAN_D0_3EZR_A,27.6,0.7845638990402222
CDK2_HUMAN_D0_1H26_A,27.6,0.8121532797813416
CDK2_HUMAN_D0_2UZE_C,27.6,0.8528905510902405
CDK2_HUMAN_D0_2I40_C,27.6,0.7377926111221313
CDK2_HUMAN_D0_3SW7_A,27.6,0.7431730628013611
CDK2_HUMAN_D0_4EOO_C,27.6,0.7930651903152466
CDK2_HUMAN_D0_4FKS_A,27.6,0.7485070824623108
CDK2_HUMAN_D0_2V0D_A,27.6,0.7567237615585327
STK24_HUMAN_D0_3A7F_A,27.5,0.44275927543640137
MELK_HUMAN_D0_4D2T_A,27.4,0.4570424258708954
MELK_HUMAN_D0_4D2T_C,27.3,0.5104244351387024
M3K14_HUMAN_D0_4G3D_E,27.3,0.6234297752380371
MELK_HUMAN_D0_4D2P_A,27.3,0.4915431141853333
MELK_HUMAN_D0_4UMP_A,27.3,0.4777741134166718
MELK_HUMAN_D0_4D2W_C,27.3,0.5144562721252441
DAPK1_HUMAN_D0_2W4J_A,27.2,0.5969156622886658
DAPK1_HUMAN_D0_3GU4_A,27.2,0.6102950572967529
DAPK1_HUMAN_D0_1JKT_B,27.2,0.6764903664588928
DAPK1_HUMAN_D0_1WVY_A,27.2,0.6172388792037964
DAPK1_HUMAN_D0_2XUU_A,27.2,0.5779882669448853
CLK3_HUMAN_D0_2EU9_A,27.2,1.1032602787017822
DAPK1_HUMAN_D0_3GUB_A,27.2,0.6194780468940735
KSR2_HUMAN_D0_2Y4I_B,27.2,0.6612416505813599
CLK3_HUMAN_D0_2WU7_A,27.2,1.1140334606170654
DAPK1_HUMAN_D0_4B4L_A,27.2,0.615720272064209
DAPK1_HUMAN_D0_3ZXT_B,27.2,0.811833381652832
IRE1_YEAST_D0_3LJ2_A,27.2,0.5683663487434387
CBK1_YEAST_D0_4LQS_A,27.2,0.566447913646698
DAPK1_HUMAN_D0_3F5G_A,27.2,0.5676031708717346
IRE1_YEAST_D0_3LJ2_B,27.2,0.5989848971366882
DAPK1_HUMAN_D0_1JKL_A,27.2,0.6207737922668457
CLK1_HUMAN_D0_1Z57_A,27.2,1.1255091428756714
DAPK1_HUMAN_D0_3GU6_A,27.2,0.5725454688072205
DAPK1_HUMAN_D0_3EH9_A,27.2,0.6192010045051575
IRE1_YEAST_D0_3LJ1_B,27.2,0.552969753742218
RAD53_YEAST_D0_4PDP_A,27.2,0.5200408101081848
CBK1_YEAST_D0_4LQP_A,27.2,0.6585499048233032
DAPK1_HUMAN_D0_1JKT_A,27.2,0.6049026250839233
MK06_HUMAN_D0_2I6L_A,27.2,0.8958764076232909
RAD53_YEAST_D0_4PDS_A,27.2,0.539525032043457
PLK4_HUMAN_D0_4JXF_A,27.2,0.8328133225440979
MELK_HUMAN_D0_4D2W_A,27.2,0.536165714263916
CDK5_HUMAN_D0_3O0G_A,27.2,0.5696337223052979
CDK5_HUMAN_D0_1UNH_B,27.2,0.5861863493919373
DAPK1_HUMAN_D0_2X0G_A,27.2,0.5941885709762573
DAPK1_HUMAN_D0_3ZXT_D,27.2,0.8575577735900879
DAPK1_HUMAN_D0_3DFC_B,27.2,0.6136863231658936
CBK1_YEAST_D0_4LQQ_A,27.2,0.5994529128074646
DAPK1_HUMAN_D0_2XZS_A,27.2,0.6321403980255127
DAPK1_HUMAN_D0_4TXC_A,27.2,0.6230584979057312
CDK5_HUMAN_D0_1UNH_A,27.2,0.5234031081199646
CDK5_HUMAN_D0_1UNL_A,27.2,0.6047325730323792
CDK5_HUMAN_D0_1H4L_B,27.2,0.5747283101081848
DAPK1_HUMAN_D0_2Y4P_A,27.2,0.9013134241104126
DAPK1_HUMAN_D0_2W4K_A,27.2,0.5878487229347229
KS6A1_HUMAN_D0_2Z7R_A,27.2,0.6282380819320679
CLK3_HUMAN_D0_2WU6_A,27.2,1.0667608976364136
KPCA_HUMAN_D0_3IW4_C,27.2,0.43824249505996704
MP2K6_HUMAN_D0_3ENM_C,27.2,0.6737247109413147
DAPK1_HUMAN_D0_1JKK_A,27.2,0.5881364345550537
DAPK1_HUMAN_D0_3GU7_A,27.2,0.6137211918830872
IRE1_YEAST_D0_3LJ1_A,27.2,0.5506949424743652
DAPK1_HUMAN_D0_1IG1_A,27.2,0.5966797471046448
IRE1_YEAST_D0_3LJ0_B,27.2,0.5627506971359253
CDK2_HUMAN_D0_4NJ3_A,27.2,0.9488797783851624
DAPK1_HUMAN_D0_2XZS_B,27.2,0.6167298555374146
IRE1_YEAST_D0_3LJ0_A,27.2,0.594529390335083
KS6B1_HUMAN_D0_3WE4_A,27.2,0.553982675075531
PLK4_HUMAN_D0_3COK_B,27.2,0.6303550601005554
KS6B1_HUMAN_D0_3WF7_A,27.2,0.5754457712173462
CDK16_HUMAN_D0_3MTL_A,27.2,0.922607421875
DAPK1_HUMAN_D0_3DGK_A,27.2,0.6005922555923462
BRI1_ARATH_D0_4Q5J_B,27.2,0.5482472777366638
KPCA_HUMAN_D0_3IW4_A,27.2,0.4434003233909607
JNK_DROME_D0_4M3A_A,27.2,0.5613993406295776
CBK1_YEAST_D0_4LQQ_D,27.2,0.6871762871742249
DAPK1_HUMAN_D0_2YAK_A,27.2,0.5633891224861145
DAPK1_HUMAN_D0_3F5U_A,27.2,0.5793838500976562
CDK5_HUMAN_D0_1UNL_B,27.2,0.6095965504646301
CDK5_HUMAN_D0_4AU8_A,27.2,0.6218169331550598
DAPK1_HUMAN_D0_1WVW_A,27.2,0.6153982281684875
DAPK1_HUMAN_D0_1P4F_A,27.2,0.6576918363571167
DAPK1_HUMAN_D0_3ZXT_C,27.2,0.8338246345520021
DAPK1_HUMAN_D0_3GU8_A,27.2,0.5876296162605286
DAPK1_HUMAN_D0_1JKS_A,27.2,0.647348940372467
PLK4_HUMAN_D0_3COK_A,27.2,0.6729110479354858
RAD53_YEAST_D0_4PDS_B,27.2,0.4982451796531677
RAD53_YEAST_D0_4PDP_B,27.2,0.5436844825744629
DAPK1_HUMAN_D0_2Y0A_A,27.2,0.5942528247833252
GSK3B_HUMAN_D0_1O9U_A,27.2,0.6205112934112549
DAPK1_HUMAN_D0_4PF4_A,27.2,0.5986731052398682
CLK3_HUMAN_D0_3RAW_B,27.2,1.0582643747329712
DAPK1_HUMAN_D0_3EHA_A,27.2,0.578411340713501
CDK5_HUMAN_D0_4AU8_B,27.2,0.6120839715003967
DAPK1_HUMAN_D0_2Y4P_C,27.2,0.8804576396942139
CDK5_HUMAN_D0_1UNG_B,27.2,0.6360501050949097
CLK1_HUMAN_D0_2VAG_A,27.2,1.0585622787475586
CDK5_HUMAN_D0_1H4L_A,27.2,0.5551989078521729
CLK3_HUMAN_D0_3RAW_A,27.2,1.0580241680145264
DAPK1_HUMAN_D0_3GU5_A,27.2,0.6121416687965393
KPCA_HUMAN_D0_3IW4_B,27.2,0.469043642282486
CDK5_HUMAN_D0_1UNG_A,27.2,0.6139020919799805
DAPK1_HUMAN_D0_1WVX_A,27.2,0.5836594700813293
STK24_HUMAN_D0_3A7H_A,27.1,0.4216009378433228
STK24_HUMAN_D0_3CKW_A,27.1,0.5279067754745483
PIM1_HUMAN_D0_2BZI_B,27.1,0.5248861908912659
PIM1_HUMAN_D0_2BIK_B,27.1,0.5357312560081482
STK24_HUMAN_D0_3A7G_B,27.1,0.4834419488906861
STK24_HUMAN_D0_3A7J_A,27.1,0.42003464698791504
STK24_HUMAN_D0_3A7G_A,27.1,0.4584975242614746
STK24_HUMAN_D0_3A7I_A,27.1,0.4478672444820404
STK24_HUMAN_D0_3A7H_B,27.1,0.4492793381214142
STK24_HUMAN_D0_3ZHP_C,27.1,0.5177577733993529
STK24_HUMAN_D0_3ZHP_D,27.1,0.4577243328094482
PIM1_HUMAN_D0_2BZJ_A,27.0,0.5459413528442383
MAPK2_HUMAN_D0_3R30_A,27.0,0.7637477517127991
PIM1_HUMAN_D0_2BZH_B,27.0,0.5563243627548218
PIM1_HUMAN_D0_2OI4_X,27.0,0.5466829538345337
MP2K6_HUMAN_D0_3ENM_B,27.0,0.720356285572052
PIM1_HUMAN_D0_3BWF_A,27.0,0.5453234910964966
MARK2_RAT_D0_1ZMW_B,27.0,0.7901480197906494
MARK2_RAT_D0_1ZMW_A,27.0,0.7504919767379761
AAPK2_HUMAN_D0_3AQV_A,26.9,0.7778187990188599
AAPK2_HUMAN_D0_4CFF_A,26.9,0.4646753370761871
AAPK2_HUMAN_D0_2YZA_A,26.9,0.8455724716186523
AAPK2_HUMAN_D0_4CFF_C,26.9,0.4819325208663941
AAPK2_HUMAN_D0_4CFE_C,26.9,0.49587681889534
AAPK2_HUMAN_D0_2H6D_A,26.9,0.8380579352378845
AAPK2_HUMAN_D0_4CFE_A,26.9,0.4560049772262573
CHK2_HUMAN_D0_3I6W_B,26.8,0.9357413053512572
AURKA_HUMAN_D0_1OL6_A,26.8,0.4645248353481293
CHK2_HUMAN_D0_3I6U_A,26.8,0.8859084248542786
ST17B_HUMAN_D0_3LM0_A,26.8,0.4686233699321747
MK01_RAT_D0_3R63_A,26.8,0.5125216841697693
MK01_RAT_D0_1GOL_A,26.8,0.5308296084403992
MK01_RAT_D0_4QYY_A,26.8,0.4713071882724762
MK01_HUMAN_D0_2OJG_A,26.8,0.5099595785140991
CHK2_HUMAN_D0_2W0J_A,26.8,1.1195130348205566
MK01_HUMAN_D0_1WZY_A,26.8,0.4965378344058991
MK01_HUMAN_D0_1TVO_A,26.8,0.5264513492584229
MK01_RAT_D0_2FYS_B,26.8,0.4849793612957001
GSK3B_HUMAN_D0_2JLD_B,26.8,0.6164464950561523
MK01_RAT_D0_4GT3_A,26.8,0.5096998810768127
MK01_HUMAN_D0_4QTA_A,26.8,0.5048739314079285
CHK2_HUMAN_D0_4BDE_A,26.8,1.0293952226638794
MK01_HUMAN_D0_4QTE_A,26.8,0.4611173272132874
CHK2_HUMAN_D0_4BDA_A,26.8,1.0369408130645752
GSK3B_HUMAN_D0_2JLD_A,26.8,0.671502947807312
CHK2_HUMAN_D0_4BDI_A,26.8,1.152532696723938
CHK2_HUMAN_D0_4BDC_A,26.8,1.0238065719604492
MK01_RAT_D0_3QYZ_A,26.8,0.522499680519104
CHK2_HUMAN_D0_4BDD_A,26.8,1.08636736869812
MK01_HUMAN_D0_4IZ5_C,26.8,0.4890740215778351
MK01_HUMAN_D0_4H3P_D,26.8,0.4523320198059082
MK01_RAT_D0_3C9W_B,26.8,0.4977293312549591
MK01_RAT_D0_3QYW_A,26.8,0.5119390487670898
IKKB_HUMAN_D0_4E3C_D,26.8,0.7457036972045898
MK01_RAT_D0_3C9W_A,26.8,0.496845543384552
CHK2_HUMAN_D0_2CN5_A,26.8,1.0837166309356692
KS6B1_HUMAN_D0_4L45_A,26.8,0.6187704801559448
MK01_HUMAN_D0_4FV6_A,26.8,0.4871900975704193
MK01_HUMAN_D0_4H3P_A,26.8,0.5003718733787537
CHK2_HUMAN_D0_4BDK_A,26.8,1.120624303817749
KS6B1_HUMAN_D0_3WF8_A,26.8,0.6340939402580261
CDC2H_PLAFK_D0_1V0P_B,26.8,0.9401092529296876
CHK2_HUMAN_D0_2YCR_A,26.8,1.043876886367798
CHK2_HUMAN_D0_4BDJ_A,26.8,1.0959213972091677
MK01_RAT_D0_3ZU7_A,26.8,0.520418643951416
MK01_HUMAN_D0_3I5Z_A,26.8,0.4940864443778992
MK01_HUMAN_D0_4FV9_A,26.8,0.4858476519584656
MK01_HUMAN_D0_3I60_A,26.8,0.486480325460434
CHK2_HUMAN_D0_2CN8_A,26.8,1.171191930770874
CHK2_HUMAN_D0_2WTJ_A,26.8,0.9643463492393494
CHK2_HUMAN_D0_2XM8_A,26.8,0.996393620967865
KS6B1_HUMAN_D0_4L46_A,26.8,0.5885036587715149
MK01_RAT_D0_3O71_A,26.8,0.4358871877193451
CDC2H_PLAFK_D0_1OB3_A,26.8,0.966553509235382
CHK2_HUMAN_D0_3I6W_G,26.8,0.8965681195259094
IKKB_HUMAN_D0_4E3C_C,26.8,0.7478898167610168
BRI1_ARATH_D0_4Q5J_A,26.8,0.5655763745307922
MK01_HUMAN_D0_2OJJ_A,26.8,0.4863755702972412
CHK2_HUMAN_D0_2YIR_A,26.8,1.0668963193893433
IKKB_HUMAN_D0_4E3C_F,26.8,0.7765328884124756
CHK2_HUMAN_D0_4A9U_A,26.8,1.068268656730652
MK01_HUMAN_D0_3SA0_A,26.8,0.5003890991210938
MK01_HUMAN_D0_4O6E_A,26.8,0.4699173271656037
RIO2_ARCFU_D0_1TQP_A,26.8,2.3328287601470947
MK01_HUMAN_D0_4NIF_E,26.8,0.4689862728118897
MK01_HUMAN_D0_4FUX_A,26.8,0.5531305074691772
CHK2_HUMAN_D0_2YCQ_A,26.8,1.1028023958206177
MK01_HUMAN_D0_4FUY_A,26.8,0.4868896305561066
CHK2_HUMAN_D0_4A9T_A,26.8,0.9710560441017152
MK01_HUMAN_D0_4IZ7_A,26.8,0.4622659981250763
MK01_HUMAN_D0_4IZ5_B,26.8,0.4818532466888428
GSK3B_HUMAN_D0_1H8F_A,26.8,0.6190907955169678
MK01_HUMAN_D0_4FV1_A,26.8,0.4810231924057007
KS6B1_HUMAN_D0_3WF9_A,26.8,0.6136581301689148
CHK2_HUMAN_D0_4BDG_A,26.8,1.0577746629714966
KS6B1_HUMAN_D0_3WF5_A,26.8,0.5795319080352783
CHK2_HUMAN_D0_2XM9_A,26.8,1.0273545980453491
CHK2_HUMAN_D0_3I6U_B,26.8,1.0400513410568235
CHK2_HUMAN_D0_3I6W_C,26.8,1.0110377073287964
KS6B1_HUMAN_D0_4L3J_A,26.8,0.5990113615989685
CDC2H_PLAFK_D0_1V0O_B,26.8,0.8959987163543701
CHK2_HUMAN_D0_3I6W_F,26.8,0.8764134049415588
PMYT1_HUMAN_D0_3P1A_A,26.8,1.0999422073364258
IKKB_HUMAN_D0_4E3C_E,26.8,0.7880791425704956
GSK3B_HUMAN_D0_3PUP_B,26.8,0.6343201398849487
MK01_HUMAN_D0_4IZA_C,26.8,0.4529414772987366
CDC2H_PLAFK_D0_1OB3_B,26.8,0.9571455717086792
BMP2K_HUMAN_D0_4W9X_A,26.8,0.42664793133735657
MK01_HUMAN_D0_4G6O_A,26.8,0.4985884428024292
KS6B1_HUMAN_D0_4L44_A,26.8,0.613986611366272
MK01_HUMAN_D0_4FV8_A,26.8,0.4813972115516663
MK01_RAT_D0_4ERK_A,26.8,0.5362611413002014
MK01_HUMAN_D0_2OJI_A,26.8,0.5031113028526306
CHK2_HUMAN_D0_2YIT_A,26.8,0.9995022416114808
CHK2_HUMAN_D0_4BDH_A,26.8,1.0285114049911501
CDC2H_PLAFK_D0_1V0P_A,26.8,0.9265601634979248
MK01_HUMAN_D0_4IZ7_C,26.8,0.5237023234367371
CHK2_HUMAN_D0_4A9R_A,26.8,1.174338936805725
CDC2H_PLAFK_D0_1V0O_A,26.8,0.9002285003662109
MK01_HUMAN_D0_4NIF_B,26.8,0.4850650727748871
KS6B1_HUMAN_D0_3WF6_A,26.8,0.6125054359436035
MK01_HUMAN_D0_4H3Q_A,26.8,0.4859267771244049
MK01_RAT_D0_3ERK_A,26.8,0.4947139024734497
MK01_HUMAN_D0_4FV5_A,26.8,0.5264348983764648
KS6B1_HUMAN_D0_3A60_A,26.8,0.6637696623802185
CDK2_HUMAN_D0_2W17_A,26.8,1.057137966156006
CHK2_HUMAN_D0_2WTC_A,26.8,1.1718376874923706
GSK3B_HUMAN_D0_3PUP_A,26.8,0.6212157011032104
MK01_HUMAN_D0_4FV2_A,26.8,0.4829769730567932
CHK2_HUMAN_D0_3I6W_E,26.8,0.9174762964248656
CHK2_HUMAN_D0_2WTD_A,26.8,1.0916203260421753
CDC2H_PLAFK_D0_1V0B_A,26.8,0.9630287289619446
KS6B1_HUMAN_D0_4L3L_A,26.8,0.5946348309516907
MK01_RAT_D0_2Z7L_A,26.8,0.4863627552986145
CHK2_HUMAN_D0_3I6W_A,26.8,0.9239178895950316
MK01_HUMAN_D0_4G6N_A,26.8,0.5249159336090088
CHK2_HUMAN_D0_3I6W_D,26.8,0.885670006275177
CHK2_HUMAN_D0_3I6W_H,26.8,0.915585160255432
KS6B1_HUMAN_D0_4L42_A,26.8,0.650954008102417
MK01_HUMAN_D0_4IZ5_A,26.8,0.5114046335220337
KS6B1_HUMAN_D0_4L43_A,26.8,0.6410262584686279
GSK3B_HUMAN_D0_3M1S_A,26.8,0.6059790253639221
MK01_RAT_D0_3QYI_A,26.8,0.4958152770996094
CDC2H_PLAFK_D0_1V0B_B,26.8,0.949309468269348
CHK2_HUMAN_D0_2YCF_A,26.8,1.0556939840316772
MK01_HUMAN_D0_2Y9Q_A,26.8,0.4656428992748261
KS6B1_HUMAN_D0_3A60_B,26.8,0.7452746629714966
CHK2_HUMAN_D0_4BDF_A,26.8,1.0311644077301023
MK01_RAT_D0_4I5H_A,26.8,0.8090581893920898
CHK2_HUMAN_D0_4A9S_A,26.8,1.130698800086975
MK01_RAT_D0_1ERK_A,26.8,0.5185053944587708
CHK2_HUMAN_D0_2YCS_A,26.8,1.0525171756744385
MK01_HUMAN_D0_4FV4_A,26.8,0.4832261800765991
MK01_HUMAN_D0_4IZ5_D,26.8,0.4852587282657623
MK01_HUMAN_D0_4FV7_A,26.8,0.4806688725948334
MK01_RAT_D0_4N4S_A,26.8,0.4904198944568634
MK01_HUMAN_D0_4N0S_A,26.8,0.5059850215911865
MK01_HUMAN_D0_3TEI_A,26.8,0.459370881319046
MK01_RAT_D0_4N4S_B,26.8,0.5438042283058167
MK01_RAT_D0_2GPH_A,26.8,0.4874430596828461
MK01_RAT_D0_2FYS_A,26.8,0.4583502411842346
CHK2_HUMAN_D0_2YIQ_A,26.8,1.0542162656784058
IKKB_HUMAN_D0_4E3C_A,26.8,0.7735508680343628
MK14_MOUSE_D0_2GHM_A,26.8,0.8818971514701843
KS6B1_HUMAN_D0_3A61_A,26.8,0.5267347693443298
MK01_RAT_D0_4GVA_A,26.8,0.5165301561355591
MK01_HUMAN_D0_3W55_A,26.8,0.4882779121398926
MK01_HUMAN_D0_4FV0_A,26.8,0.5001696348190308
KAPA_YEAST_D0_1FOT_A,26.8,0.6656827330589294
MK01_HUMAN_D0_4FV3_A,26.8,0.4725084006786346
GSK3B_HUMAN_D0_1H8F_B,26.8,0.586046576499939
MK01_HUMAN_D0_4FMQ_A,26.8,0.4856062233448029
ST17B_HUMAN_D0_3LM5_A,26.7,0.6379268765449524
AURKA_HUMAN_D0_3W18_A,26.6,0.6807910799980164
AURKA_HUMAN_D0_4J8M_A,26.5,0.6716532111167908
CDPK4_PLAF7_D0_4QOX_A,26.5,0.7763914465904236
MELK_HUMAN_D0_4D2V_C,26.5,0.5313291549682617
NEK2_HUMAN_D0_2XK4_A,26.4,0.5614798069000244
IKKB_HUMAN_D0_4KIK_B,26.4,0.7760602235794067
MK01_RAT_D0_3ZUV_C,26.4,0.5255491137504578
MP2K1_HUMAN_D0_4LMN_A,26.4,0.5724623203277588
MP2K1_HUMAN_D0_1S9J_A,26.4,0.597213089466095
MP2K1_HUMAN_D0_3ZLW_A,26.4,0.6208484768867493
NEK2_HUMAN_D0_2XNM_A,26.4,0.6204946637153625
KS6A3_MOUSE_D0_3UBD_A,26.4,0.8017901778221129
DAPK3_HUMAN_D0_3BHY_A,26.4,0.7016748189926147
MP2K1_HUMAN_D0_3EQC_A,26.4,0.6003861427307129
KPCB_HUMAN_D0_2I0E_A,26.4,0.7384958267211914
MP2K1_HUMAN_D0_3EQB_A,26.4,0.5823045969009399
MP2K1_HUMAN_D0_4MNE_A,26.4,0.6105899214744568
MK08_HUMAN_D0_3V3V_A,26.4,0.6752968430519104
MP2K1_HUMAN_D0_3EQH_A,26.4,0.6053906679153442
MP2K1_HUMAN_D0_4MNE_H,26.4,0.5929250121116638
NEK2_HUMAN_D0_2XKD_A,26.4,0.6202300786972046
DAPK3_HUMAN_D0_2J90_B,26.4,0.9659370183944702
MP2K1_HUMAN_D0_3ZM4_A,26.4,0.5935294032096863
MP2K1_HUMAN_D0_3VVH_C,26.4,0.6045156121253967
MK07_HUMAN_D0_4IC8_A,26.4,0.94694584608078
NEK2_HUMAN_D0_2XK8_A,26.4,0.5515321493148804
NEK2_HUMAN_D0_4AFE_A,26.4,0.5366902351379395
MP2K1_HUMAN_D0_3DV3_A,26.4,0.6056506037712097
MP2K1_HUMAN_D0_3EQG_A,26.4,0.5700752139091492
DAPK3_HUMAN_D0_3BQR_A,26.4,0.9976558089256288
MK07_HUMAN_D0_4IC7_A,26.4,0.8741359114646912
MP2K1_HUMAN_D0_3EQI_A,26.4,0.5615431070327759
MP2K1_HUMAN_D0_4MNE_D,26.4,0.6041473746299744
MP2K1_HUMAN_D0_3VVH_A,26.4,0.5901236534118652
DAPK3_HUMAN_D0_1YRP_A,26.4,0.7480134963989258
NEK2_HUMAN_D0_2W5B_A,26.4,0.5882006287574768
KS6A3_MOUSE_D0_4GUE_A,26.4,0.8326355814933777
MP2K1_HUMAN_D0_3ZLS_A,26.4,0.6072019338607788
DAPK3_HUMAN_D0_2J90_A,26.4,0.9724618792533876
NEK2_HUMAN_D0_2XKF_A,26.4,0.6150833964347839
KPCB_HUMAN_D0_2I0E_B,26.4,0.6924006342887878
MP2K1_HUMAN_D0_3MBL_A,26.4,0.5844568014144897
MP2K1_HUMAN_D0_4U81_A,26.4,0.599166214466095
MK01_RAT_D0_3ZUV_A,26.4,0.4961984753608704
KS6A3_HUMAN_D0_4NW6_A,26.4,0.4586971700191498
KPCB_RAT_D0_3PFQ_A,26.4,0.7222954630851746
MK07_HUMAN_D0_4IC7_D,26.4,0.8812628984451294
KS6A3_HUMAN_D0_4NW5_A,26.4,0.485137403011322
NEK2_HUMAN_D0_2XK7_A,26.4,0.5714426636695862
NEK2_HUMAN_D0_2XKE_A,26.4,0.7345408797264099
MP2K1_HUMAN_D0_4MNE_E,26.4,0.5904822945594788
NEK2_HUMAN_D0_2XK6_A,26.4,0.6425792574882507
MP2K1_HUMAN_D0_3VVH_B,26.4,0.5987706780433655
MK07_HUMAN_D0_4IC8_B,26.4,0.8844324350357056
MP2K1_HUMAN_D0_3V01_A,26.4,0.5830464959144592
MP2K1_RABIT_D0_2Y4I_C,26.4,0.6190558075904846
MP2K1_HUMAN_D0_3W8Q_A,26.4,0.8673567771911621
MP2K1_HUMAN_D0_2P55_A,26.4,0.5883705019950867
NEK2_HUMAN_D0_2JAV_A,26.4,0.6472628116607666
MK01_RAT_D0_2ERK_A,26.4,0.5158737897872925
MK08_HUMAN_D0_4E73_A,26.4,1.145925760269165
MK01_HUMAN_D0_4IZA_A,26.4,0.4832763969898224
MP2K1_HUMAN_D0_3E8N_A,26.4,0.5793319940567017
MP2K1_HUMAN_D0_4U80_A,26.4,0.5914455652236938
NEK2_HUMAN_D0_2XK3_A,26.4,0.6385326385498047
NEK2_HUMAN_D0_2XNO_A,26.4,0.6722918748855591
KS6A3_HUMAN_D0_4NUS_A,26.4,0.44161590933799744
NEK2_HUMAN_D0_2XNP_A,26.4,0.5660664439201355
MP2K1_HUMAN_D0_3EQD_A,26.4,0.6042527556419373
KS6A3_MOUSE_D0_4EL9_A,26.4,0.8299328088760376
MK07_HUMAN_D0_4B99_A,26.4,0.8759183883666992
MP2K1_HUMAN_D0_4ARK_A,26.4,0.6105595827102661
NEK2_HUMAN_D0_2W5A_A,26.4,0.5937783122062683
NEK2_HUMAN_D0_2XNN_A,26.4,0.6450426578521729
NEK2_HUMAN_D0_2W5H_A,26.4,0.5859145522117615
MP2K1_HUMAN_D0_4U7Z_A,26.4,0.5822348594665527
MP2K1_HUMAN_D0_3ZLX_A,26.4,0.6081694960594177
MP2K1_HUMAN_D0_3V04_A,26.4,0.5704161524772644
MP2K1_HUMAN_D0_3DY7_A,26.4,0.5891720652580261
DAPK3_HUMAN_D0_1YRP_B,26.4,0.7201787829399109
NEK2_HUMAN_D0_2WQO_A,26.4,0.5346541404724121
MP2K1_HUMAN_D0_3ZLY_A,26.4,0.580193281173706
NEK2_HUMAN_D0_4A4X_A,26.4,0.6319609880447388
MP2K1_HUMAN_D0_3PP1_A,26.4,0.5817204117774963
KS6A3_MOUSE_D0_3G51_A,26.4,0.686668336391449
MK14_MOUSE_D0_1YW2_A,26.4,0.9893328547477722
NEK2_HUMAN_D0_2XKC_A,26.4,0.5550863146781921
MP2K1_HUMAN_D0_3EQF_A,26.4,0.6058473587036133
AURKA_HUMAN_D0_4J8N_C,26.3,0.4655045568943024
AURKA_HUMAN_D0_4C3R_A,26.3,0.477432519197464
AURKA_HUMAN_D0_4J8N_A,26.3,0.4746319353580475
AURKA_HUMAN_D0_4JBP_A,26.3,0.4596328735351562
AURKA_HUMAN_D0_3UO6_B,26.3,0.7845216393470764
AURKA_HUMAN_D0_3UO5_A,26.3,0.4505803287029266
AURKA_HUMAN_D0_4C3P_A,26.3,0.7380277514457703
AURKA_HUMAN_D0_3COH_A,26.3,0.5578629374504089
AURKA_HUMAN_D0_2C6E_B,26.3,0.6003429293632507
AURKA_HUMAN_D0_2BMC_B,26.3,0.6017689704895021
AURKA_HUMAN_D0_3FDN_A,26.3,0.4738425016403198
AURKA_HUMAN_D0_3EFW_B,26.3,0.6235947012901306
AURKA_HUMAN_D0_2XNE_A,26.3,0.4507365524768829
AURKA_HUMAN_D0_4JAI_A,26.3,0.5066831707954407
AURKA_HUMAN_D0_4J8N_D,26.3,0.4531987011432648
AURKA_HUMAN_D0_4J8N_B,26.3,0.4729074537754059
AURKA_HUMAN_D0_2NP8_A,26.3,0.4948494136333466
AURKA_HUMAN_D0_3M11_A,26.3,0.4818776845932007
AURKA_HUMAN_D0_3EFW_A,26.3,0.5516231656074524
AURKA_HUMAN_D0_4JAJ_A,26.3,0.440028578042984
AURKA_HUMAN_D0_4DEB_A,26.3,0.44989398121833796
AURKA_HUMAN_D0_3UOJ_A,26.3,0.701064944267273
AURKA_HUMAN_D0_3W2C_G,26.3,0.6244803667068481
AURKA_HUMAN_D0_3W2C_A,26.3,0.5725253224372864
AURKA_HUMAN_D0_4PRJ_A,26.3,0.4723812639713288
AURKA_HUMAN_D0_2J4Z_A,26.3,0.6607326865196228
AURKA_HUMAN_D0_2J4Z_B,26.3,0.644451916217804
AURKA_HUMAN_D0_3HA6_A,26.3,0.453360915184021
AURKA_HUMAN_D0_3R21_A,26.3,0.4586348235607147
AURKA_HUMAN_D0_4JBQ_A,26.3,0.496777355670929
AURKA_HUMAN_D0_2BMC_D,26.3,0.6078023314476013
AURKA_HUMAN_D0_3W10_A,26.3,0.6373612284660339
CHK2_HUMAN_D0_2W7X_A,26.3,1.027103066444397
AURKA_HUMAN_D0_2X6E_A,26.3,0.4451289772987366
AURKA_HUMAN_D0_4DHF_B,26.3,0.4630777537822723
AURKA_HUMAN_D0_3LAU_A,26.3,0.5287982225418091
AURKA_HUMAN_D0_4C3P_D,26.3,0.7280594706535339
AURKA_HUMAN_D0_3UOL_B,26.3,0.7325226068496704
AURKA_HUMAN_D0_2W1C_A,26.3,0.4658374190330506
AURKA_HUMAN_D0_3H10_D,26.3,0.6622532606124878
AURKA_HUMAN_D0_3W16_A,26.3,0.4863533675670624
AURKA_HUMAN_D0_3H10_B,26.3,0.6801660060882568
AURKA_HUMAN_D0_3H0Z_A,26.3,0.5445950627326965
AURKA_HUMAN_D0_3W2C_E,26.3,0.659191370010376
AURKA_HUMAN_D0_4BYJ_A,26.3,0.5265800356864929
AURKA_HUMAN_D0_4JBO_A,26.3,0.4608592987060547
AURKA_HUMAN_D0_3UP7_A,26.3,0.4514333307743073
AURKA_HUMAN_D0_2X6D_A,26.3,0.4669996798038482
AURKA_HUMAN_D0_3UO4_A,26.3,0.4668751358985901
AURKA_HUMAN_D0_3NRM_A,26.3,0.4795011579990387
AURKA_HUMAN_D0_1MQ4_A,26.3,0.4244094789028168
AURKA_HUMAN_D0_1MUO_A,26.3,0.7265416383743286
AURKA_HUMAN_D0_3UOL_A,26.3,0.7272956967353821
AURKA_HUMAN_D0_3UNZ_A,26.3,0.7327131628990173
AURKA_HUMAN_D0_2BMC_C,26.3,0.6664003133773804
AURKA_HUMAN_D0_4DEE_A,26.3,0.474752426147461
AURKA_HUMAN_D0_2C6E_A,26.3,0.6214655637741089
AURKA_HUMAN_D0_3R22_A,26.3,0.4544197618961334
AURKA_HUMAN_D0_4DEA_A,26.3,0.4853869676589966
AURKA_HUMAN_D0_2BMC_A,26.3,0.6475356221199036
AURKA_HUMAN_D0_2BMC_E,26.3,0.730143129825592
AURKA_HUMAN_D0_3K5U_A,26.3,0.5080258846282959
AURKA_HUMAN_D0_4BN1_A,26.3,0.4602227509021759
AURKA_HUMAN_D0_1OL7_A,26.3,0.4911308288574219
AURKA_HUMAN_D0_2WQE_A,26.3,0.623500645160675
AURKA_HUMAN_D0_3W2C_C,26.3,0.6409598588943481
AURKA_HUMAN_D0_2J50_B,26.3,0.4748672842979431
AURKA_HUMAN_D0_3MYG_A,26.3,0.4738161265850067
AURKA_HUMAN_D0_3W18_B,26.3,0.6671517491340637
AURKA_HUMAN_D0_3UOD_A,26.3,0.4598393440246582
AURKA_HUMAN_D0_2J50_A,26.3,0.5025808215141296
AURKA_HUMAN_D0_2DWB_A,26.3,0.4145410060882568
AURKA_HUMAN_D0_3H10_A,26.3,0.6599750518798828
AURKA_HUMAN_D0_2W1F_A,26.3,0.4641289114952088
AURKA_HUMAN_D0_2XRU_A,26.3,0.4709389507770538
AURKA_HUMAN_D0_4DED_A,26.3,0.4646965265274048
AURKA_HUMAN_D0_2W1E_A,26.3,0.4834275245666504
AURKA_HUMAN_D0_1OL5_A,26.3,0.4755640923976898
AURKA_HUMAN_D0_2BMC_F,26.3,0.641805112361908
CHK2_HUMAN_D0_2XK9_A,26.3,1.1192253828048706
AURKA_HUMAN_D0_2XNG_A,26.3,0.4684484899044037
AURKA_HUMAN_D0_2W1G_A,26.3,0.4475060105323792
AURKA_HUMAN_D0_2W1D_A,26.3,0.4186955392360687
AURKA_HUMAN_D0_3H0Z_C,26.3,0.5419668555259705
AURKA_HUMAN_D0_3H0Z_B,26.3,0.5846289992332458
AURKA_HUMAN_D0_3H0Y_A,26.3,0.5246168971061707
AURKA_HUMAN_D0_4BYI_A,26.3,0.4537768065929413
AURKA_HUMAN_D0_2C6D_A,26.3,0.6674336791038513
AURKA_HUMAN_D0_3COH_B,26.3,0.5783672332763672
AURKA_HUMAN_D0_4DHF_A,26.3,0.5416976809501648
AURKA_HUMAN_D0_3VAP_A,26.3,0.4788863658905029
AURKA_HUMAN_D0_2X81_A,26.3,0.5104461312294006
AURKA_HUMAN_D0_3E5A_A,26.3,0.4696349799633026
MELK_HUMAN_D0_4D2P_B,26.2,0.5413346886634827
MELK_HUMAN_D0_4D2V_B,26.2,0.5061013698577881
MELK_HUMAN_D0_4UMP_D,26.2,0.4836352467536926
MELK_HUMAN_D0_4UMR_A,26.2,0.8207886815071106
MELK_HUMAN_D0_4UMT_A,26.2,0.751225471496582
MELK_HUMAN_D0_4UMU_A,26.2,0.7701955437660217
MELK_HUMAN_D0_4D2P_D,26.2,0.4989700019359589
MELK_HUMAN_D0_4D2W_B,26.2,0.4961689412593842
MELK_HUMAN_D0_4D2W_D,26.2,0.4610229730606079
MELK_HUMAN_D0_4UMQ_A,26.2,0.7580629587173462
MP2K6_HUMAN_D0_3ENM_D,26.1,0.6684269905090332
AURKA_HUMAN_D0_2WTV_C,26.1,0.6684287786483765
AURKA_HUMAN_D0_2WTV_D,26.1,0.7856091260910034
MELK_MOUSE_D0_4CQG_A,26.1,0.4438612759113312
AURKA_HUMAN_D0_2WTV_B,26.1,0.6369509100914001
MP2K6_HUMAN_D0_3ENM_A,26.1,0.714009702205658
AURKA_HUMAN_D0_2WTV_A,26.1,0.754088282585144
MELK_MOUSE_D0_4BFM_A,26.1,0.4363571703433991
AURKA_HUMAN_D0_3UO6_A,26.0,0.7457036972045898
DAPK2_HUMAN_D0_1ZWS_F,26.0,0.6322905421257019
MK14_HUMAN_D0_3FMJ_A,26.0,0.9695074558258056
DAPK2_HUMAN_D0_1ZWS_B,26.0,0.6047846674919128
DAPK2_HUMAN_D0_2A2A_D,26.0,0.5900279879570007
DAPK2_HUMAN_D0_2CKE_C,26.0,0.6171594858169556
CDPK4_PLAF7_D0_4RGJ_A,26.0,0.7959792017936707
DAPK2_HUMAN_D0_1WMK_G,26.0,0.579089343547821
AURKA_HUMAN_D0_3UOK_B,26.0,0.754113495349884
DAPK2_HUMAN_D0_1WMK_D,26.0,0.5850579738616943
AVR2A_HUMAN_D0_3Q4T_B,26.0,0.4698508679866791
MARK2_RAT_D0_1ZMV_B,26.0,0.9044818282127379
DAPK2_HUMAN_D0_1WMK_C,26.0,0.6086339950561523
AVR2A_HUMAN_D0_3SOC_A,26.0,0.4827067255973816
MELK_HUMAN_D0_4UMP_B,26.0,0.5029655694961548
CIPKN_ARATH_D0_4CZT_C,26.0,0.7889644503593445
DAPK2_HUMAN_D0_2A27_A,26.0,0.6332471370697021
DAPK2_HUMAN_D0_2A2A_B,26.0,0.6172034740447998
MK10_HUMAN_D0_4H39_A,26.0,0.8179880380630493
DAPK2_HUMAN_D0_2CKE_B,26.0,0.6275477409362793
DAPK2_HUMAN_D0_1ZWS_G,26.0,0.5755038261413574
MK14_HUMAN_D0_2BAQ_A,26.0,1.1394113302230835
M3K14_MOUSE_D0_4G3E_A,26.0,0.4726177453994751
DAPK1_HUMAN_D0_3ZXT_A,26.0,0.6795280575752258
AURKA_HUMAN_D0_3UNZ_B,26.0,0.7638776898384094
AVR2A_HUMAN_D0_3Q4T_A,26.0,0.4562483429908752
KC1D_HUMAN_D0_4TWC_A,26.0,0.7869208455085754
DAPK2_HUMAN_D0_1Z9X_A,26.0,0.5946474075317383
DAPK2_HUMAN_D0_2A2A_C,26.0,0.5973092317581177
AVR2A_HUMAN_D0_4ASX_B,26.0,0.495063990354538
DAPK2_HUMAN_D0_2A27_B,26.0,0.626708984375
DAPK2_HUMAN_D0_1ZWS_A,26.0,0.5849183201789856
GRK6_HUMAN_D0_2ACX_A,26.0,0.5795961618423462
STRAA_HUMAN_D0_3GNI_B,26.0,0.5953658223152161
DAPK2_HUMAN_D0_1WMK_E,26.0,0.6241516470909119
MK08_HUMAN_D0_2XS0_A,26.0,0.8675246834754944
AURKA_HUMAN_D0_3UOH_B,26.0,0.7848780751228333
DAPK2_HUMAN_D0_1WMK_A,26.0,0.600961446762085
DAPK2_HUMAN_D0_2A27_H,26.0,0.5712260603904724
DAPK2_HUMAN_D0_1ZWS_C,26.0,0.5944259166717529
CIPKN_ARATH_D0_4CZU_C,26.0,0.7629377841949463
STRAA_HUMAN_D0_2WTK_B,26.0,0.5745882391929626
AURKA_HUMAN_D0_3UOJ_B,26.0,0.7904563546180725
AURKA_HUMAN_D0_3UOK_A,26.0,0.77447110414505
MK08_HUMAN_D0_1UKI_A,26.0,1.0976622104644775
DAPK2_HUMAN_D0_2A27_G,26.0,0.569068193435669
DAPK2_HUMAN_D0_1Z9X_C,26.0,0.6152334213256836
GRK6_HUMAN_D0_2ACX_B,26.0,0.5719807147979736
DAPK2_HUMAN_D0_2A27_D,26.0,0.5981720089912415
CIPKN_ARATH_D0_4CZT_D,26.0,0.7346494793891907
STRAA_HUMAN_D0_2WTK_E,26.0,0.5351837873458862
DAPK2_HUMAN_D0_2A27_C,26.0,0.5867894887924194
CIPKN_ARATH_D0_4CZT_B,26.0,0.7835954427719116
DAPK2_HUMAN_D0_2A2A_A,26.0,0.5884999632835388
AVR2A_HUMAN_D0_4ASX_A,26.0,0.4476209282875061
GRK6_HUMAN_D0_3NYO_A,26.0,0.6042889952659607
CIPKN_ARATH_D0_4CZU_D,26.0,0.7416780591011047
GRK6_HUMAN_D0_3NYN_A,26.0,0.5863102078437805
GRK6_HUMAN_D0_3NYN_B,26.0,0.569649338722229
DAPK2_HUMAN_D0_1ZWS_D,26.0,0.6111536026000977
DAPK2_HUMAN_D0_2A27_E,26.0,0.5993362069129944
DAPK2_HUMAN_D0_2A27_F,26.0,0.6046674251556396
CIPKN_ARATH_D0_4CZT_A,26.0,0.7453436255455017
CIPKN_ARATH_D0_4CZU_A,26.0,0.7468165159225464
DAPK2_HUMAN_D0_2CKE_A,26.0,0.5866801142692566
BMP2K_HUMAN_D0_4W9W_A,26.0,0.4166998565196991
GRK6_HUMAN_D0_3NYO_B,26.0,0.6017857193946838
AURKA_HUMAN_D0_3UOH_A,26.0,0.7694279551506042
CDPK2_PLAFK_D0_4MVF_A,26.0,0.610579252243042
MK01_RAT_D0_4GSB_A,26.0,0.5470397472381592
DAPK2_HUMAN_D0_1ZWS_H,26.0,0.5829418301582336
MARK2_RAT_D0_1ZMV_A,26.0,0.8637012243270874
DAPK2_HUMAN_D0_1WMK_F,26.0,0.6190628409385681
DAPK2_HUMAN_D0_1Z9X_B,26.0,0.582916259765625
DAPK2_HUMAN_D0_1WMK_B,26.0,0.635621190071106
MK08_HUMAN_D0_3VUH_A,26.0,0.7554696798324585
DAPK2_HUMAN_D0_1ZWS_E,26.0,0.6048760414123535
AVR2A_HUMAN_D0_3SOC_B,26.0,0.4648521542549133
DAPK2_HUMAN_D0_1WMK_H,26.0,0.6205956935882568
AVR2B_HUMAN_D0_2QLU_A,26.0,0.4628545939922333
CIPKN_ARATH_D0_4CZU_B,26.0,0.7776973843574524
MK08_HUMAN_D0_4HYS_A,26.0,1.1276379823684692
DAPK2_HUMAN_D0_2CKE_D,26.0,0.5875866413116455
MELK_HUMAN_D0_4D2T_D,25.9,0.5102332830429077
MELK_HUMAN_D0_4D2V_D,25.9,0.5001340508460999
STK4_HUMAN_D0_3COM_A,25.8,0.4803348183631897
STK3_HUMAN_D0_4LG4_B,25.8,0.6387877464294434
STK3_HUMAN_D0_4LGD_B,25.8,0.4999677836894989
STK3_HUMAN_D0_4LG4_E,25.8,0.5724430084228516
STK3_HUMAN_D0_4LG4_A,25.8,0.5534940361976624
STK4_HUMAN_D0_3COM_B,25.8,0.5485228896141052
MAPK2_HUMAN_D0_3A2C_C,25.8,0.7668997645378113
STK3_HUMAN_D0_4LGD_D,25.8,0.5200708508491516
STK3_HUMAN_D0_4LG4_F,25.8,0.5814005732536316
STK3_HUMAN_D0_4LGD_A,25.8,0.5056443810462952
STK3_HUMAN_D0_4LGD_C,25.8,0.5348361134529114
MP2K1_HUMAN_D0_4AN9_A,25.8,0.5226224660873413
MAPK2_HUMAN_D0_3A2C_H,25.8,0.7010163068771362
STK3_HUMAN_D0_4LG4_C,25.8,0.5082935094833374
MELK_HUMAN_D0_4BKY_A,25.7,0.4225573837757111
MELK_HUMAN_D0_4BKZ_A,25.7,0.4187787175178528
MELK_HUMAN_D0_4BL1_A,25.7,0.4344774782657623
MARK2_RAT_D0_1Y8G_B,25.7,0.8960899114608765
MARK2_RAT_D0_1Y8G_A,25.7,0.9197610020637512
MELK_HUMAN_D0_4IXP_A,25.7,0.4476520419120789
MP2K1_HUMAN_D0_3OS3_A,25.7,0.5371977686882019
DAPK2_MOUSE_D0_2YAB_B,25.6,0.628578782081604
CHK1_HUMAN_D0_4FTJ_A,25.6,0.5057028532028198
CHK1_HUMAN_D0_2CGU_A,25.6,0.4919291734695434
KC1D_HUMAN_D0_4HGT_A,25.6,0.6994706988334656
KC1D_HUMAN_D0_4KBA_D,25.6,0.7347766757011414
CHK1_HUMAN_D0_3F9N_A,25.6,0.4907416999340058
CHK1_HUMAN_D0_4FTM_A,25.6,0.5470059514045715
KC1D_MOUSE_D0_4JJR_B,25.6,0.7053619623184204
KC1D_HUMAN_D0_3UYS_A,25.6,0.7221976518630981
KC1E_HUMAN_D0_4HOK_K,25.6,0.7416663765907288
KC1D_HUMAN_D0_4HGT_B,25.6,0.7496042251586914
CHK1_HUMAN_D0_4FT3_A,25.6,0.5189399123191833
CHK1_HUMAN_D0_4FTO_A,25.6,0.5435014367103577
KC1E_HUMAN_D0_4HOK_C,25.6,0.7458509802818298
MP2K1_HUMAN_D0_3ORN_A,25.6,0.6021469831466675
CHK1_HUMAN_D0_2X8E_A,25.6,0.5354198813438416
CHK1_HUMAN_D0_2BR1_A,25.6,0.5161452889442444
PIM2_HUMAN_D0_2IWI_B,25.6,0.5417765974998474
CHK1_HUMAN_D0_2YM4_A,25.6,0.5542133450508118
CHK1_HUMAN_D0_1ZLT_A,25.6,0.5118507742881775
CHK1_HUMAN_D0_2YWP_A,25.6,0.5314860939979553
KC1D_HUMAN_D0_3UYT_B,25.6,0.7131721973419191
KC1D_HUMAN_D0_4KB8_A,25.6,0.6905327439308167
CHK1_HUMAN_D0_2QHN_A,25.6,0.50072181224823
CHK1_HUMAN_D0_4FSQ_A,25.6,0.5091291069984436
CHK1_HUMAN_D0_4FTK_A,25.6,0.51612389087677
CHK1_HUMAN_D0_4FT5_A,25.6,0.5525485277175903
CHK1_HUMAN_D0_2WMU_A,25.6,0.5425527095794678
KC1D_HUMAN_D0_4KBA_A,25.6,0.7067267298698425
MP2K2_HUMAN_D0_1S9I_B,25.6,0.6565487384796143
KC1D_HUMAN_D0_4KBC_B,25.6,0.7678219676017761
KC1D_HUMAN_D0_3UYT_D,25.6,0.7492242455482483
CHK1_HUMAN_D0_4FTN_A,25.6,0.5363408923149109
CHK1_HUMAN_D0_1ZYS_A,25.6,0.5495448708534241
MP2K4_HUMAN_D0_3ALN_A,25.6,0.8383325934410095
KC1D_HUMAN_D0_4KBK_D,25.6,0.671190083026886
CHK1_HUMAN_D0_4FT9_A,25.6,0.5338332653045654
M3K5_HUMAN_D0_4BID_A,25.6,0.4763774275779724
CHK1_HUMAN_D0_2CGW_A,25.6,0.5475130677223206
KC1E_HUMAN_D0_4HOK_M,25.6,0.7580794692039491
CHK1_HUMAN_D0_2XEZ_A,25.6,0.5283613204956055
M3K5_HUMAN_D0_4BIB_A,25.6,0.4611902534961701
CHK1_HUMAN_D0_4FSM_A,25.6,0.5194337368011475
KC1D_HUMAN_D0_4HNF_A,25.6,0.7602270841598511
CHK1_HUMAN_D0_2YDJ_A,25.6,0.5136948227882385
KC1E_HUMAN_D0_4HNI_A,25.6,0.7559984922409058
CHK1_HUMAN_D0_3TKI_A,25.6,0.5036483407020569
CHK1_HUMAN_D0_2AYP_A,25.6,0.5065674185752869
KC1E_HUMAN_D0_4HOK_U,25.6,0.7522324323654175
CHK1_HUMAN_D0_2BRO_A,25.6,0.5570986866950989
CHK1_HUMAN_D0_2YM7_A,25.6,0.5483130216598511
DAPK2_MOUSE_D0_2YA9_B,25.6,0.623729944229126
KC1E_HUMAN_D0_4HOK_E,25.6,0.7532373070716858
KC1D_HUMAN_D0_4KB8_C,25.6,0.7133629322052002
CHK1_HUMAN_D0_3JVR_A,25.6,0.4973994791507721
KC1D_HUMAN_D0_4KB8_B,25.6,0.7179247736930847
KC1D_RAT_D0_1CKJ_A,25.6,0.7652844190597534
CHK1_HUMAN_D0_4GH2_A,25.6,0.5210268497467041
KC1E_HUMAN_D0_4HOK_G,25.6,0.7369365096092224
CHK1_HUMAN_D0_2HOG_A,25.6,0.5259581804275513
CHK1_HUMAN_D0_2HY0_A,25.6,0.5401481986045837
KC1D_HUMAN_D0_4KBK_C,25.6,0.784749448299408
CHK1_HUMAN_D0_3OT3_A,25.6,0.5208095908164978
CHK1_HUMAN_D0_2E9O_A,25.6,0.5303581953048706
MK08_HUMAN_D0_3VUM_A,25.6,1.0168564319610596
CHK1_HUMAN_D0_2BRM_A,25.6,0.5161355137825012
CHK1_HUMAN_D0_2YM8_A,25.6,0.5301202535629272
CHK1_HUMAN_D0_2YER_A,25.6,0.5254434943199158
MK14_HUMAN_D0_3MH3_A,25.6,0.9949281811714172
CHK1_HUMAN_D0_2E9U_A,25.6,0.5222586393356323
MK14_HUMAN_D0_3OBJ_A,25.6,1.0125571489334106
CHK2_HUMAN_D0_4BDB_A,25.6,1.1229578256607056
CHK1_HUMAN_D0_2YDK_A,25.6,0.5221993327140808
CHK1_HUMAN_D0_2GDO_A,25.6,0.5240041613578796
CHK1_HUMAN_D0_4FT0_A,25.6,0.5490929484367371
CHK1_HUMAN_D0_1NVQ_A,25.6,0.4848693609237671
KC1D_HUMAN_D0_3UYS_B,25.6,0.7679890990257263
CHK1_HUMAN_D0_2C3K_A,25.6,0.5465682148933411
KC1E_HUMAN_D0_4HOK_I,25.6,0.7688512206077576
KC1D_MOUSE_D0_4JJR_A,25.6,0.7293962836265564
MP2K4_HUMAN_D0_3ALN_B,25.6,0.7501518726348877
CHK1_HUMAN_D0_4HYH_A,25.6,0.5149880051612854
CHK1_HUMAN_D0_4FTI_A,25.6,0.5526872277259827
CHK1_HUMAN_D0_4FTU_A,25.6,0.5061754584312439
KC1E_HUMAN_D0_4HOK_A,25.6,0.7187449932098389
CHK1_HUMAN_D0_4FSR_A,25.6,0.5162602663040161
CHK1_HUMAN_D0_2E9N_A,25.6,0.5218080282211304
MP2K2_HUMAN_D0_1S9I_A,25.6,0.6844682097434998
CHK1_HUMAN_D0_2YM3_A,25.6,0.5408204197883606
KC1D_HUMAN_D0_4KBA_B,25.6,0.7492813467979431
CHK1_HUMAN_D0_2GHG_A,25.6,0.4980912804603577
KC1D_HUMAN_D0_3UYT_A,25.6,0.7267037034034729
KC1D_HUMAN_D0_4TWC_B,25.6,0.7669423818588257
CHK1_HUMAN_D0_3JVS_A,25.6,0.5377815961837769
CHK2_HUMAN_D0_2WTI_A,25.6,1.1231194734573364
CHK1_HUMAN_D0_4FTA_A,25.6,0.5356715917587279
CHK1_HUMAN_D0_4FTC_A,25.6,0.5321846008300781
CHK1_HUMAN_D0_2BRG_A,25.6,0.5331404805183411
CHK1_HUMAN_D0_2XF0_A,25.6,0.5291334390640259
CHK1_HUMAN_D0_2YM6_A,25.6,0.5651015639305115
DAPK2_MOUSE_D0_2YA9_A,25.6,0.5955429673194885
CHK1_HUMAN_D0_2E9V_A,25.6,0.5475894212722778
KC1D_RAT_D0_1CKJ_B,25.6,0.7631248235702515
CHK1_HUMAN_D0_3PA3_A,25.6,0.5395277142524719
CHK1_HUMAN_D0_2YEX_A,25.6,0.554391086101532
CHK1_HUMAN_D0_2WMS_A,25.6,0.550258457660675
CHK1_HUMAN_D0_3PA4_A,25.6,0.5877764225006104
KC1D_HUMAN_D0_3UZP_A,25.6,0.7418623566627502
CHK1_HUMAN_D0_2WMV_A,25.6,0.5148082971572876
CHK1_HUMAN_D0_4FST_A,25.6,0.5233622193336487
CHK1_HUMAN_D0_2QHM_A,25.6,0.5252010226249695
CHK1_HUMAN_D0_2R0U_A,25.6,0.5054005384445189
CHK1_HUMAN_D0_2X8D_A,25.6,0.5474885106086731
KC1E_HUMAN_D0_4HOK_S,25.6,0.7656083703041077
KC1E_HUMAN_D0_4HOK_W,25.6,0.744684100151062
CHK1_HUMAN_D0_4FTR_A,25.6,0.5047030448913574
CHK1_HUMAN_D0_2WMQ_A,25.6,0.5495601892471313
KC1E_HUMAN_D0_4HOK_O,25.6,0.7210568189620972
KC1E_HUMAN_D0_4HOK_Q,25.6,0.7252410650253296
MK08_HUMAN_D0_2XRW_A,25.6,0.8500543236732483
CHK1_HUMAN_D0_2BRB_A,25.6,0.5312260389328003
KC1E_HUMAN_D0_4HNI_B,25.6,0.7225067019462585
CHK1_HUMAN_D0_2BRN_A,25.6,0.5269764661788939
KC1D_HUMAN_D0_4KB8_D,25.6,0.7286626100540161
MK08_HUMAN_D0_4G1W_A,25.6,1.079066276550293
DAPK2_MOUSE_D0_2YAA_B,25.6,0.6207935214042664
CHK1_HUMAN_D0_1IA8_A,25.6,0.5202519297599792
CHK1_HUMAN_D0_2C3L_A,25.6,0.5209950208663939
CHK1_HUMAN_D0_2WMX_A,25.6,0.5530319213867188
FUS3_YEAST_D0_2B9F_A,25.6,0.8735333681106567
CHK1_HUMAN_D0_3TKH_A,25.6,0.5662696957588196
CHK1_HUMAN_D0_2HXQ_A,25.6,0.5427519679069519
CHK1_HUMAN_D0_4HYI_A,25.6,0.5253757834434509
CHK1_HUMAN_D0_1NVR_A,25.6,0.5358492136001587
KC1D_HUMAN_D0_4KBK_A,25.6,0.7408883571624756
KC1D_HUMAN_D0_3UYT_C,25.6,0.7148938775062561
KC1D_HUMAN_D0_4HNF_B,25.6,0.7464621663093567
CHK1_HUMAN_D0_2BRH_A,25.6,0.5441840887069702
DAPK2_MOUSE_D0_2YAB_A,25.6,0.5897431969642639
MK14_HUMAN_D0_3MH1_A,25.6,0.9434226751327516
FUS3_YEAST_D0_2F9G_A,25.6,0.8920360803604126
CDKL1_HUMAN_D0_4AGU_B,25.6,0.4997082054615021
KC1D_HUMAN_D0_4KBA_C,25.6,0.6779079437255859
CDK4_HUMAN_D0_3G33_C,25.6,0.8634191155433655
CHK1_HUMAN_D0_2CGX_A,25.6,0.517227053642273
MP2K4_HUMAN_D0_3ALO_A,25.6,0.7804683446884155
CHK1_HUMAN_D0_2E9V_B,25.6,0.5108870267868042
CHK1_HUMAN_D0_2YM5_A,25.6,0.5428033471107483
KC1D_HUMAN_D0_3UYS_D,25.6,0.7587289810180664
MK08_HUMAN_D0_4IZY_A,25.6,1.0636852979660034
MK08_HUMAN_D0_4HYU_A,25.6,1.0283794403076172
PIM2_HUMAN_D0_2IWI_A,25.6,0.5354822278022766
CHK1_HUMAN_D0_2XEY_A,25.6,0.5391191244125366
CHK1_HUMAN_D0_2C3J_A,25.6,0.5070998072624207
CHK1_HUMAN_D0_2CGV_A,25.6,0.5233888626098633
DAPK2_MOUSE_D0_2YAA_A,25.6,0.6090010404586792
CDK4_HUMAN_D0_3G33_A,25.6,0.8760673403739929
CHK1_HUMAN_D0_2WMT_A,25.6,0.5215017199516296
CDKL1_HUMAN_D0_4AGU_C,25.6,0.4653517603874207
CHK1_HUMAN_D0_2X8I_A,25.6,0.5158281326293945
CHK1_HUMAN_D0_4FSU_A,25.6,0.5675874948501587
CHK1_HUMAN_D0_4FTQ_A,25.6,0.5187810659408569
CHK1_HUMAN_D0_4FSW_A,25.6,0.510118842124939
KC1D_HUMAN_D0_4TW9_A,25.6,0.7370268106460571
CHK1_HUMAN_D0_4FSZ_A,25.6,0.5264139175415039
CHK1_HUMAN_D0_4FTL_A,25.6,0.5502200126647949
AURKA_HUMAN_D0_2WTW_A,25.6,0.5827855467796326
CHK1_HUMAN_D0_3NLB_A,25.6,0.5632193684577942
CHK1_HUMAN_D0_3U9N_A,25.6,0.5146496295928955
CHK1_HUMAN_D0_2YDI_A,25.6,0.5345192551612854
CHK1_HUMAN_D0_4FSY_A,25.6,0.8549287915229797
CHK1_HUMAN_D0_2E9P_A,25.6,0.5178185701370239
CHK1_HUMAN_D0_4FT7_A,25.6,0.5231629014015198
CHK1_HUMAN_D0_1NVS_A,25.6,0.5187018513679504
CHK1_HUMAN_D0_2HXL_A,25.6,0.5081403255462646
CHK1_HUMAN_D0_2WMW_A,25.6,0.489434540271759
KC1D_HUMAN_D0_3UZP_B,25.6,0.7655465006828308
CHK1_HUMAN_D0_2WMR_A,25.6,0.5115225315093994
CHK1_HUMAN_D0_4FTT_A,25.6,0.554366409778595
KC1D_HUMAN_D0_4KBC_A,25.6,0.7551782727241516
CDKL1_HUMAN_D0_4AGU_A,25.6,0.5015863180160522
KC1D_HUMAN_D0_4KBK_B,25.6,0.7354363203048706
CHK1_HUMAN_D0_2YDJ_B,25.6,0.5144763588905334
AURKA_MOUSE_D0_3DAJ_A,25.5,0.5170671939849854
AURKA_MOUSE_D0_3DJ6_A,25.5,0.7188840508460999
AURKA_MOUSE_D0_3DJ5_A,25.5,0.7040631771087646
AURKA_MOUSE_D0_3D2K_A,25.5,0.4806778728961945
AURKA_MOUSE_D0_3D15_A,25.5,0.4572369158267975
MP2K1_HUMAN_D0_4AN3_A,25.5,0.5960979461669922
AURKA_MOUSE_D0_3D14_A,25.5,0.4800916314125061
AURKA_MOUSE_D0_3D2I_A,25.5,0.4626769721508026
E2AK2_HUMAN_D0_2A19_B,25.4,0.5311305522918701
ILK_HUMAN_D0_3REP_A,25.4,0.5111668109893799
SNF1_YEAST_D0_3DAE_A,25.4,0.6166753172874451
CHK1_HUMAN_D0_4JIK_A,25.4,0.8688656687736511
SNF1_YEAST_D0_3DAE_B,25.4,0.5865424871444702
SNF1_YEAST_D0_2FH9_A,25.4,0.7161673903465271
SNF1_YEAST_D0_3HYH_B,25.4,0.6118742823600769
SNF1_YEAST_D0_3MN3_A,25.4,0.6912815570831299
CHK1_HUMAN_D0_3PA5_A,25.4,0.8968814015388489
SNF1_YEAST_D0_3HYH_A,25.4,0.6974002122879028
MP2K1_HUMAN_D0_4ANB_A,25.3,0.5908065438270569
CIPKO_ARATH_D0_4D28_B,25.3,0.7090279459953308
CHK1_HUMAN_D0_4FSN_A,25.3,0.6030318737030029
MAPK2_HUMAN_D0_3A2C_L,25.3,0.6470875740051271
MP2K1_HUMAN_D0_4AN2_A,25.3,0.5436609983444214
PLK3_HUMAN_D0_4B6L_A,25.3,0.6007998585700989
GSK3B_HUMAN_D0_1Q4L_B,25.2,0.938132643699646
GSK3B_HUMAN_D0_1GNG_B,25.2,0.9765241146087646
GSK3B_HUMAN_D0_1I09_A,25.2,0.9497429132461548
MK08_HUMAN_D0_1UKH_A,25.2,0.9541075229644777
M3K14_HUMAN_D0_4IDV_D,25.2,0.5759403705596924
GSK3B_HUMAN_D0_4NM7_A,25.2,0.93815416097641
GSK3B_HUMAN_D0_4ACH_A,25.2,0.9409266114234924
GSK3B_HUMAN_D0_4B7T_A,25.2,0.9373626112937928
GSK3B_HUMAN_D0_2OW3_B,25.2,0.9551392793655396
GSK3B_HUMAN_D0_4NM0_A,25.2,0.9322320222854614
M3K14_HUMAN_D0_4DN5_A,25.2,0.554535448551178
GSK3B_HUMAN_D0_3ZRM_B,25.2,0.9395707845687866
M3K14_HUMAN_D0_4G3D_A,25.2,0.5629539489746094
GSK3B_HUMAN_D0_3ZRL_A,25.2,0.9488833546638488
GSK3B_HUMAN_D0_3DU8_A,25.2,0.9804595112800598
M3K14_HUMAN_D0_4IDV_B,25.2,0.628392219543457
E2AK2_HUMAN_D0_3UIU_B,25.2,0.5152679085731506
GSK3B_HUMAN_D0_1Q3W_A,25.2,0.9322152733802797
GSK3B_HUMAN_D0_4IQ6_A,25.2,0.9038378596305848
M3K14_HUMAN_D0_4G3D_D,25.2,0.5235214829444885
CDK4_HUMAN_D0_2W9Z_B,25.2,0.5873568058013916
GSK3B_HUMAN_D0_1Q41_A,25.2,0.916476845741272
M3K14_HUMAN_D0_4G3D_B,25.2,0.5307997465133667
GSK3B_HUMAN_D0_1Q4L_A,25.2,0.9451111555099488
GSK3B_HUMAN_D0_3SAY_B,25.2,0.984176516532898
M3K14_HUMAN_D0_4IDT_B,25.2,0.4895234107971192
GAK_HUMAN_D0_4C57_A,25.2,0.5049296617507935
GSK3B_HUMAN_D0_4AFJ_B,25.2,0.9081991910934448
RN5A_HUMAN_D0_4OAV_B,25.2,0.8890587687492371
GSK3B_HUMAN_D0_3F7Z_B,25.2,0.9692040681838988
GSK3B_HUMAN_D0_3ZRK_A,25.2,0.9293498992919922
GSK3B_HUMAN_D0_3ZRL_B,25.2,0.9464821219444276
M3K5_HUMAN_D0_4BF2_A,25.2,0.5810148119926453
GSK3B_HUMAN_D0_1UV5_A,25.2,0.9255856275558472
GSK3B_HUMAN_D0_1Q5K_B,25.2,0.9440907835960388
GSK3B_HUMAN_D0_1Q5K_A,25.2,0.9305952787399292
GSK3B_HUMAN_D0_1Q3D_A,25.2,0.9605002999305724
GSK3B_HUMAN_D0_3GB2_A,25.2,0.97133070230484
GSK3B_HUMAN_D0_1Q41_B,25.2,0.951628029346466
GSK3B_HUMAN_D0_4ACG_A,25.2,0.917115330696106
GSK3B_HUMAN_D0_3ZDI_A,25.2,0.9477914571762084
GSK3B_HUMAN_D0_3SD0_A,25.2,0.9688338041305542
FUS3_YEAST_D0_2FA2_A,25.2,0.9203222393989564
GSK3B_HUMAN_D0_1J1B_B,25.2,0.9240554571151732
GSK3B_HUMAN_D0_3ZRM_A,25.2,1.0037171840667725
RN5A_HUMAN_D0_4OAV_D,25.2,0.8226958513259888
KPCT_HUMAN_D0_1XJD_A,25.2,0.4212793707847595
MK14_HUMAN_D0_3K3J_A,25.2,1.0693007707595823
GAK_HUMAN_D0_4C59_A,25.2,0.878403902053833
GSK3B_HUMAN_D0_1R0E_A,25.2,0.9426345229148864
GSK3B_HUMAN_D0_4J1R_B,25.2,0.9840497970581056
GSK3B_HUMAN_D0_1I09_B,25.2,0.9481068253517152
GSK3B_HUMAN_D0_1R0E_B,25.2,0.9487430453300476
GSK3B_HUMAN_D0_4ACC_A,25.2,0.8988401889801025
GSK3B_HUMAN_D0_1J1C_A,25.2,0.9147058129310608
GSK3B_HUMAN_D0_2O5K_A,25.2,0.9070469737052916
M3K14_HUMAN_D0_4DN5_B,25.2,0.5681109428405762
FUS3_YEAST_D0_2F49_B,25.2,0.9221127033233644
ROCK2_HUMAN_D0_4L6Q_A,25.2,0.784361720085144
GSK3B_HUMAN_D0_4NM5_A,25.2,0.896549642086029
GAK_HUMAN_D0_4C58_A,25.2,0.8976331949234009
E2AK2_HUMAN_D0_3UIU_A,25.2,0.5564020872116089
IKKB_HUMAN_D0_4KIK_A,25.2,1.1398718357086182
ILK_HUMAN_D0_3KMW_A,25.2,0.5414700508117676
GSK3B_HUMAN_D0_3Q3B_A,25.2,0.9551905989646912
GAK_HUMAN_D0_4C57_B,25.2,0.5093358159065247
ROCK2_HUMAN_D0_4L6Q_B,25.2,0.8030437231063843
FUS3_YEAST_D0_2B9J_A,25.2,0.9644768834114076
GSK3B_HUMAN_D0_4NM3_A,25.2,0.9155009388923644
M3K14_HUMAN_D0_4IDV_C,25.2,0.5519893765449524
GSK3B_HUMAN_D0_4AFJ_A,25.2,0.9295722246170044
GSK3B_HUMAN_D0_4ACD_A,25.2,0.9456555843353271
GSK3B_HUMAN_D0_3L1S_B,25.2,0.971352994441986
GSK3B_HUMAN_D0_3ZRK_B,25.2,0.9334179759025574
KC1D_RAT_D0_1CKI_B,25.2,0.8073188066482544
GSK3B_HUMAN_D0_4ACH_B,25.2,0.9545758366584778
GSK3B_HUMAN_D0_1PYX_A,25.2,0.9649820327758788
MK14_HUMAN_D0_4DLI_A,25.2,1.0008169412612915
CDK4_HUMAN_D0_2W99_B,25.2,0.8908211588859558
GSK3B_HUMAN_D0_3DU8_B,25.2,0.9496199488639832
GSK3B_HUMAN_D0_4J71_B,25.2,0.937917947769165
MP2K7_HUMAN_D0_2DYL_A,25.2,0.4845679402351379
GSK3B_HUMAN_D0_3M1S_B,25.2,0.970189094543457
M3K14_HUMAN_D0_4IDT_A,25.2,0.4999898970127106
GSK3B_HUMAN_D0_4J1R_C,25.2,0.9420197010040284
GSK3B_HUMAN_D0_4J1R_A,25.2,0.9612463116645812
GSK3B_HUMAN_D0_3Q3B_B,25.2,0.9773901700973512
GSK3B_HUMAN_D0_4ACG_B,25.2,0.8840292096138
FUS3_YEAST_D0_2B9I_A,25.2,0.8802779912948608
GSK3B_HUMAN_D0_3I4B_B,25.2,0.9217029213905334
GSK3B_HUMAN_D0_3F88_A,25.2,0.8879704475402832
GSK3B_HUMAN_D0_3L1S_A,25.2,0.9252893328666688
KC1D_HUMAN_D0_3UYS_C,25.2,0.6096210479736328
GSK3B_HUMAN_D0_3SAY_A,25.2,0.9280186295509338
GSK3B_HUMAN_D0_1J1C_B,25.2,0.9230501055717468
GSK3B_HUMAN_D0_1Q3W_B,25.2,0.9694757461547852
RN5A_HUMAN_D0_4OAU_C,25.2,0.9802275896072388
GSK3B_HUMAN_D0_3I4B_A,25.2,0.8969210386276245
GSK3B_HUMAN_D0_3SD0_B,25.2,0.9493117332458496
GSK3B_HUMAN_D0_4ACD_B,25.2,0.8903924226760864
FUS3_YEAST_D0_2B9H_A,25.2,0.947806715965271
M3K14_HUMAN_D0_4IDV_A,25.2,0.5816171169281006
GSK3B_HUMAN_D0_4J1R_D,25.2,0.9615474939346312
GSK3B_HUMAN_D0_3F7Z_A,25.2,0.960597813129425
GSK3B_HUMAN_D0_2OW3_A,25.2,0.953626811504364
GSK3B_HUMAN_D0_3F88_B,25.2,0.934580624103546
FUS3_YEAST_D0_2F49_A,25.2,0.8619400262832642
GSK3B_HUMAN_D0_4ACC_B,25.2,0.9374467134475708
GSK3B_HUMAN_D0_1PYX_B,25.2,0.965280830860138
GSK3B_HUMAN_D0_1Q3D_B,25.2,0.9673405289649964
CIPKO_ARATH_D0_4D28_D,25.2,0.7067593932151794
GSK3B_HUMAN_D0_1J1B_A,25.2,0.9212692975997924
KC1D_RAT_D0_1CKI_A,25.2,0.7859880328178406
GSK3B_HUMAN_D0_4J71_A,25.2,0.9679335951805116
GSK3B_HUMAN_D0_4IQ6_B,25.2,0.9587201476097108
GSK3B_HUMAN_D0_1GNG_A,25.2,0.9735598564147948
FUS3_YEAST_D0_2FA2_B,25.2,0.8575617074966431
GSK3B_HUMAN_D0_4DIT_A,25.2,0.975663721561432
CHK2_HUMAN_D0_2XBJ_A,25.1,1.16006600856781
PDPK1_HUMAN_D0_3QC4_B,25.1,0.6445029973983765
ILK_HUMAN_D0_3KMU_A,25.1,0.6805322766304016
CHK1_HUMAN_D0_3OT8_A,25.1,0.9207936525344848
MELK_HUMAN_D0_4D2T_B,25.0,0.4711057841777802
MP2K1_HUMAN_D0_3WIG_A,25.0,0.6162410378456116
E2AK2_HUMAN_D0_2A1A_B,24.9,0.5122182369232178
KPCT_HUMAN_D0_4Q9Z_B,24.9,0.5180004835128784
KPCT_HUMAN_D0_4RA5_B,24.9,0.5303722023963928
KPCT_HUMAN_D0_4RA5_A,24.9,0.5085208415985107
KPCT_HUMAN_D0_2JED_B,24.9,0.5173608064651489
KPCT_HUMAN_D0_2JED_A,24.9,0.5530205965042114
KPCT_HUMAN_D0_4Q9Z_A,24.9,0.5004073977470398
MAPK2_HUMAN_D0_2JBP_I,24.9,0.8722679018974304
RK_BOVIN_D0_4WBO_B,24.8,0.5323728322982788
TAOK2_RAT_D0_2GCD_A,24.8,0.4731853008270264
RK_BOVIN_D0_3T8O_A,24.8,0.5438324809074402
RK_BOVIN_D0_4WBO_D,24.8,0.5111606717109679
TAOK2_RAT_D0_2GCD_B,24.8,0.45693093538284296
CDK8_HUMAN_D0_4F7L_A,24.8,1.0393122434616089
RK_BOVIN_D0_4L9I_B,24.8,0.5102874636650085
CDK4_HUMAN_D0_2W9F_B,24.8,0.5744903683662415
MK14_HUMAN_D0_3FC1_X,24.8,1.0308495759963991
STK11_HUMAN_D0_2WTK_F,24.8,0.4302871227264404
CDK8_HUMAN_D0_4F7N_A,24.8,1.1123404502868652
KS6A1_HUMAN_D1_3RNY_A,24.8,0.8242307901382446
RK_BOVIN_D0_3C4W_A,24.8,0.4835304021835327
MK03_HUMAN_D0_4QTB_B,24.8,0.8988158702850342
RK_BOVIN_D0_3QC9_D,24.8,0.5235889554023743
KS6A3_HUMAN_D1_4D9T_A,24.8,0.967835247516632
CDK8_HUMAN_D0_4F6S_A,24.8,1.0135900974273682
CDK8_HUMAN_D0_3RGF_A,24.8,0.8990542888641357
RK_BOVIN_D0_3C4Y_A,24.8,0.5256698131561279
CDK8_HUMAN_D0_4F7J_A,24.8,1.0604168176650999
CDKL3_HUMAN_D0_3ZDU_A,24.8,0.5299334526062012
CDK4_HUMAN_D0_2W96_B,24.8,0.5826519727706909
TAOK2_RAT_D0_1U5R_A,24.8,0.4531568288803101
GSK3B_MOUSE_D0_4NU1_A,24.8,0.8692555427551271
MK03_HUMAN_D0_4QTB_A,24.8,0.8611359000205994
MK01_HUMAN_D0_1PME_A,24.8,0.5579008460044861
RK_BOVIN_D0_3C50_B,24.8,0.481732040643692
RK_BOVIN_D0_3C4X_B,24.8,0.5448963046073914
CDK8_HUMAN_D0_4G6L_A,24.8,0.8483837246894836
RK_BOVIN_D0_3C4Y_B,24.8,0.5505644679069519
RK_BOVIN_D0_3QC9_C,24.8,0.5228628516197205
MK03_HUMAN_D0_2ZOQ_B,24.8,0.8697534799575806
RK_BOVIN_D0_4WBO_C,24.8,0.5133059620857239
CDK8_HUMAN_D0_4F6W_A,24.8,0.9416770935058594
TAOK2_RAT_D0_1U5Q_B,24.8,0.454355776309967
RK_BOVIN_D0_3QC9_B,24.8,0.4925554692745209
TAOK2_RAT_D0_1U5Q_A,24.8,0.4603261053562164
KS6A1_HUMAN_D1_4NIF_A,24.8,0.8383818864822388
RK_BOVIN_D0_4L9I_A,24.8,0.5283276438713074
M3K14_MOUSE_D0_4G3F_A,24.8,0.5992752909660339
RK_BOVIN_D0_3C4Z_A,24.8,0.540603518486023
CDK8_HUMAN_D0_4F7S_A,24.8,0.86591637134552
KS6A1_HUMAN_D1_4NIF_D,24.8,0.7824136018753052
M3K14_MOUSE_D0_4G3E_B,24.8,0.6477871537208557
M3K14_MOUSE_D0_4G3C_A,24.8,0.6226792335510254
TAOK2_RAT_D0_1U5R_B,24.8,0.4807068705558777
RK_BOVIN_D0_3C51_B,24.8,0.5318137407302856
CDK8_HUMAN_D0_4F70_A,24.8,1.0888105630874634
M3K14_MOUSE_D0_4G3C_B,24.8,0.689696729183197
M3K14_MOUSE_D0_4G3G_A,24.8,0.6292035579681396
RK_BOVIN_D0_3C51_A,24.8,0.5418799519538879
RK_BOVIN_D0_4PNI_A,24.8,0.5137056112289429
RK_BOVIN_D0_3QC9_A,24.8,0.5323547720909119
STK11_HUMAN_D0_2WTK_C,24.8,0.4250759184360504
ROCK1_HUMAN_D0_3NCZ_C,24.8,0.424044132232666
CDK8_HUMAN_D0_4F6U_A,24.8,1.0850400924682615
KS6A1_HUMAN_D1_2WNT_B,24.8,0.8265129923820496
RK_BOVIN_D0_4WBO_A,24.8,0.5480337738990784
MK08_HUMAN_D0_3VUD_A,24.8,0.745743989944458
KS6A1_HUMAN_D1_2WNT_A,24.8,0.8264132738113403
RK_BOVIN_D0_3C4W_B,24.8,0.5292197465896606
RK_BOVIN_D0_3C50_A,24.8,0.5199063420295715
RK_BOVIN_D0_3C4X_A,24.8,0.5108663439750671
CIPKO_ARATH_D0_4D28_C,24.7,0.7718825340270996
CIPKO_ARATH_D0_4D28_A,24.7,0.7740967869758606
MP2K4_HUMAN_D0_3VUT_B,24.7,1.1642895936965942
TNIK_HUMAN_D0_2X7F_A,24.4,0.5360527634620667
MK14_HUMAN_D0_2FSL_X,24.4,1.1614603996276855
ARBK1_BOVIN_D0_3UZT_A,24.4,1.0147018432617188
DYR1A_HUMAN_D0_3ANR_C,24.4,0.8724697828292847
DYR1A_HUMAN_D0_3ANR_B,24.4,0.8947759866714478
DYR1A_HUMAN_D0_4MQ1_D,24.4,0.9217478036880492
DYR1A_HUMAN_D0_4MQ1_A,24.4,0.8820688128471375
M4K4_HUMAN_D0_4OBQ_A,24.4,0.5943980216979979
MK08_HUMAN_D0_3VUG_A,24.4,0.7280938029289246
AKT2_HUMAN_D0_2JDR_A,24.4,0.6125395894050598
MK09_HUMAN_D0_3E7O_B,24.4,0.9658119082450868
AKT2_HUMAN_D0_3E88_A,24.4,0.6150627136230469
ARBK1_BOVIN_D0_1OMW_A,24.4,0.9460808634757996
M4K4_HUMAN_D0_4U45_A,24.4,0.4274896681308745
DYR1A_HUMAN_D0_2VX3_B,24.4,0.9256961345672609
DYR1A_HUMAN_D0_4MQ1_B,24.4,0.8659030199050903
AKT2_HUMAN_D0_2JDO_A,24.4,0.6132484078407288
AKT2_HUMAN_D0_2X39_A,24.4,0.5664123296737671
KS6A3_HUMAN_D1_4JG8_A,24.4,0.9667571187019348
ARBK1_HUMAN_D0_4MK0_A,24.4,0.9342126250267028
M4K4_HUMAN_D0_4U45_B,24.4,0.5579831004142761
MK09_HUMAN_D0_3NPC_A,24.4,1.051241755485535
DYR1A_HUMAN_D0_4MQ2_B,24.4,0.8970641493797302
DYR1A_HUMAN_D0_4MQ2_A,24.4,0.8505813479423523
AKT2_HUMAN_D0_3D0E_B,24.4,0.6007542610168457
DYR1A_HUMAN_D0_3ANR_A,24.4,0.9189643263816832
ARBK1_BOVIN_D0_3PVU_A,24.4,0.9212340712547302
KS6A3_HUMAN_D1_4D9U_A,24.4,1.01080060005188
DYR1A_HUMAN_D0_2VX3_A,24.4,0.8734747767448425
M3K5_HUMAN_D0_4BIB_B,24.4,0.5074834823608398
M4K4_HUMAN_D0_4OBQ_B,24.4,0.5500872135162354
M4K4_HUMAN_D0_4U44_B,24.4,0.5953081250190735
M4K4_HUMAN_D0_4OBP_A,24.4,0.4693447947502136
DYR1A_HUMAN_D0_4MQ2_C,24.4,0.8845101594924927
KS6A3_HUMAN_D1_4JG6_A,24.4,0.9502447843551636
AKT2_HUMAN_D0_1GZO_A,24.4,1.0197731256484983
ARBK1_HUMAN_D0_4PNK_A,24.4,0.9600446224212646
ARBK1_BOVIN_D0_3PVW_A,24.4,0.9750090837478638
DYR1A_HUMAN_D0_2WO6_B,24.4,0.9150725007057191
M3K5_HUMAN_D0_3VW6_A,24.4,0.5016567111015321
AKT2_HUMAN_D0_3E87_B,24.4,0.5563209056854248
KC1G1_HUMAN_D0_2CMW_A,24.4,0.7079534530639648
DYR1A_HUMAN_D0_3ANQ_B,24.4,0.9418159127235411
KCC2D_CAEEL_D0_3KK8_A,24.4,0.614017128944397
KCC2D_CAEEL_D0_3KL8_A,24.4,0.6440946459770203
ARBK1_BOVIN_D0_1YM7_A,24.4,0.9668254852294922
AKT2_HUMAN_D0_1O6L_A,24.4,0.6041613221168518
KS6A3_HUMAN_D1_4JG7_A,24.4,0.9427890181541444
M3K5_HUMAN_D0_4BHN_B,24.4,0.4472756087779999
AKT2_HUMAN_D0_1O6K_A,24.4,0.6079083085060121
AKT2_HUMAN_D0_1GZN_A,24.4,1.005385160446167
KCC2D_CAEEL_D0_3KL8_G,24.4,0.6365157961845398
ROCK2_BOVIN_D0_2F2U_B,24.4,0.7929385304450989
DYR1A_HUMAN_D0_4MQ1_C,24.4,0.9908480048179626
MK03_HUMAN_D0_2ZOQ_A,24.4,0.9218765497207642
DYR1A_HUMAN_D0_4MQ2_D,24.4,0.8657673001289368
M3K5_HUMAN_D0_4BIC_B,24.4,0.4711430072784424
M3K5_HUMAN_D0_4BF2_B,24.4,0.4712327718734741
KCC2D_CAEEL_D0_3KL8_C,24.4,0.6347934603691101
KCC2D_CAEEL_D0_3KK9_A,24.4,0.5979489684104919
KCC2D_CAEEL_D0_3KL8_E,24.4,0.5969213247299194
ARBK1_BOVIN_D0_3PSC_A,24.4,0.9903417229652404
AKT2_HUMAN_D0_3E8D_B,24.4,0.6229639649391174
ROCK2_BOVIN_D0_2H9V_A,24.4,0.7945255041122437
AKT2_HUMAN_D0_1GZK_A,24.4,1.0113252401351929
M3K5_HUMAN_D0_4BHN_A,24.4,0.4533344209194183
DYR1A_HUMAN_D0_2VX3_D,24.4,0.9029944539070128
KS6A3_MOUSE_D1_4M8T_A,24.4,0.9626386761665344
M3K5_HUMAN_D0_2CLQ_A,24.4,0.43706533312797546
DYR1A_HUMAN_D0_3ANQ_C,24.4,0.8871815800666809
DYR1A_HUMAN_D0_3ANQ_A,24.4,0.8886126875877379
ARBK1_HUMAN_D0_3V5W_A,24.4,0.954517900943756
AKT2_HUMAN_D0_3E8D_A,24.4,0.6265041828155518
M3K5_HUMAN_D0_4BIE_A,24.4,0.4596976935863495
DYR1A_HUMAN_D0_2VX3_C,24.4,0.8880183696746826
M3K5_HUMAN_D0_4BID_B,24.4,0.4457919597625733
M3K5_HUMAN_D0_4BIC_A,24.4,0.4845986962318421
M4K4_HUMAN_D0_4U43_A,24.4,0.5197662711143494
AKT2_HUMAN_D0_1MRV_A,24.4,0.9381774663925172
ARBK1_BOVIN_D0_2BCJ_A,24.4,0.9882961511611938
MK09_HUMAN_D0_3NPC_B,24.4,1.0474510192871094
AKT2_HUMAN_D0_2XH5_A,24.4,0.5958709120750427
AKT2_HUMAN_D0_3D0E_A,24.4,0.6121354103088379
ROCK2_BOVIN_D0_2F2U_A,24.4,0.7868008613586426
DYR1A_HUMAN_D0_3ANQ_D,24.4,0.8853910565376282
AKT2_HUMAN_D0_3E88_B,24.4,0.6528589725494385
KS6A3_MOUSE_D1_2QR7_A,24.4,0.958955943584442
M4K4_HUMAN_D0_4OBO_A,24.4,0.5456300973892212
M4K4_HUMAN_D0_4OBO_B,24.4,0.5583985447883606
AKT2_HUMAN_D0_2UW9_A,24.4,0.6033215522766113
AKT2_HUMAN_D0_1MRY_A,24.4,0.9185113310813904
DYR1A_HUMAN_D0_4AZE_B,24.4,0.925866961479187
DYR1A_HUMAN_D0_3ANR_D,24.4,0.8851643800735474
AKT2_HUMAN_D0_3E87_A,24.4,0.5907715559005737
DYR1A_HUMAN_D0_4AZE_A,24.4,0.8996285200119019
ARBK1_HUMAN_D0_3KRX_A,24.4,0.9774073362350464
MK09_HUMAN_D0_3E7O_A,24.4,0.9213097095489502
M4K4_HUMAN_D0_4OBP_B,24.4,0.6050571203231812
M4K4_HUMAN_D0_4U43_B,24.4,0.5735732316970825
DYR1A_HUMAN_D0_4AZE_C,24.4,0.8931583762168884
ARBK1_BOVIN_D0_1YM7_B,24.4,1.0092723369598389
ARBK1_HUMAN_D0_3KRW_A,24.4,0.9825258255004884
KS6A3_MOUSE_D1_2QR8_A,24.4,0.965952217578888
M3K5_HUMAN_D0_4BIE_B,24.4,0.4986544549465179
M3K5_HUMAN_D0_2CLQ_B,24.4,0.4989256858825684
ARBK1_BOVIN_D0_1YM7_C,24.4,0.9849345684051514
M3K5_HUMAN_D0_3VW6_B,24.4,0.4651606678962708
DYR1A_HUMAN_D0_2WO6_A,24.4,0.9171865582466124
ARBK1_BOVIN_D0_3UZS_A,24.4,1.002259612083435
M4K4_HUMAN_D0_4U44_A,24.4,0.5239958763122559
ARBK1_BOVIN_D0_1YM7_D,24.4,0.9595764279365541
KKCC2_HUMAN_D0_2ZV2_A,24.4,0.4833390414714813
ARBK1_HUMAN_D0_3CIK_A,24.4,0.9805626869201659
PDPK1_HUMAN_D0_3QC4_A,24.3,0.6372122764587402
PAK4_HUMAN_D0_2BVA_B,24.2,0.6732644438743591
PAK1_HUMAN_D0_4O0T_B,24.2,0.9122164845466614
PAK4_HUMAN_D0_4FIF_A,24.2,0.6410592198371887
PAK1_HUMAN_D0_1YHV_A,24.2,0.8496120572090149
PAK4_HUMAN_D0_4JDJ_A,24.2,0.6444634795188904
PAK4_HUMAN_D0_4FIJ_A,24.2,0.6569409370422363
PAK1_HUMAN_D0_4O0R_A,24.2,0.7921617031097412
PAK4_HUMAN_D0_4JDI_A,24.2,0.6696205139160156
PAK4_HUMAN_D0_4FIG_A,24.2,0.64478999376297
PAK4_HUMAN_D0_4O0Y_A,24.2,0.6426555514335632
PAK4_HUMAN_D0_4L67_A,24.2,0.6422931551933289
PAK4_HUMAN_D0_4NJD_A,24.2,0.6108971834182739
PAK4_HUMAN_D0_4O0V_A,24.2,0.6609806418418884
PAK1_HUMAN_D0_4P90_B,24.2,0.9319525361061096
PAK4_HUMAN_D0_2CDZ_A,24.2,0.6418058276176453
PAK1_HUMAN_D0_3Q53_A,24.2,0.8114891052246094
PAK4_HUMAN_D0_2J0I_A,24.2,0.6398496031761169
PAK1_HUMAN_D0_4DAW_A,24.2,0.8102630972862244
PAK1_HUMAN_D0_4EQC_A,24.2,0.8226348161697388
PAK4_HUMAN_D0_4FIG_B,24.2,0.6512016654014587
PAK1_HUMAN_D0_3Q4Z_B,24.2,0.8930588364601135
PAK4_HUMAN_D0_2BVA_A,24.2,0.6457318067550659
PAK4_HUMAN_D0_4APP_A,24.2,0.7001368403434753
PAK1_HUMAN_D0_2HY8_1,24.2,0.7911127209663391
PAK1_HUMAN_D0_4P90_A,24.2,0.80832839012146
PAK4_HUMAN_D0_2X4Z_A,24.2,0.6325466632843018
PAK4_HUMAN_D0_4JDH_A,24.2,0.6305395364761353
PAK4_HUMAN_D0_4JDK_A,24.2,0.6275691390037537
PAK1_HUMAN_D0_4O0T_A,24.2,0.8418651223182678
PAK1_HUMAN_D0_3Q52_A,24.2,0.8188201189041138
PAK4_HUMAN_D0_4FIE_A,24.2,0.6354237794876099
PAK1_HUMAN_D0_3FXZ_A,24.2,0.8125630021095276
PAK1_HUMAN_D0_1F3M_C,24.2,0.9574164152145386
PAK4_HUMAN_D0_2Q0N_A,24.2,0.6259474158287048
PAK4_HUMAN_D0_4O0X_A,24.2,0.6354430913925171
PAK4_HUMAN_D0_4FIF_B,24.2,0.6263622641563416
PAK1_HUMAN_D0_3FY0_A,24.2,0.8441475033760071
PAK4_HUMAN_D0_4FII_A,24.2,0.6421517133712769
PAK1_HUMAN_D0_4O0R_B,24.2,0.9132177233695984
PAK1_HUMAN_D0_1F3M_D,24.2,0.8830615282058716
PAK1_HUMAN_D0_1YHW_A,24.2,0.854313850402832
PAK4_HUMAN_D0_4FIE_B,24.2,0.6422471404075623
PAK4_HUMAN_D0_4FIH_A,24.2,0.6155778169631958
ROCK1_HUMAN_D0_3NDM_A,24.0,0.43935471773147583
ROCK1_HUMAN_D0_3V8S_D,24.0,0.44007223844528204
ROCK1_HUMAN_D0_3TWJ_B,24.0,0.7507420182228088
AKT1_HUMAN_D0_4EJN_A,24.0,0.6365501284599304
MAPK2_HUMAN_D0_1NXK_B,24.0,0.8756500482559204
AKT1_HUMAN_D0_3QKL_A,24.0,0.599919319152832
ROCK1_HUMAN_D0_3V8S_A,24.0,0.4084785580635071
AKT1_HUMAN_D0_3CQW_A,24.0,0.599923312664032
MLKL_MOUSE_D0_4M68_A,24.0,0.5847827196121216
PHKG1_RABIT_D0_2PHK_A,24.0,0.4464200139045715
ROCK1_HUMAN_D0_3TWJ_A,24.0,0.425238698720932
ROCK1_HUMAN_D0_3V8S_B,24.0,0.4592693746089935
AKT1_HUMAN_D0_3QKM_A,24.0,0.5748993158340454
AKT1_HUMAN_D0_4EKL_A,24.0,0.5552984476089478
ROCK1_HUMAN_D0_3TWJ_C,24.0,0.4064622819423676
AKT1_HUMAN_D0_4EKK_A,24.0,0.5995550751686096
ROCK1_HUMAN_D0_3TWJ_D,24.0,0.7389599680900574
ROCK1_HUMAN_D0_2ESM_A,24.0,0.422101616859436
ROCK1_HUMAN_D0_2ETR_B,24.0,0.4395132958889008
AKT1_HUMAN_D0_4EKK_B,24.0,0.5296459197998047
AKT1_HUMAN_D0_4GV1_A,24.0,0.5776522159576416
ROCK1_HUMAN_D0_3TV7_B,24.0,0.4283679127693176
MK14_HUMAN_D0_1IAN_A,24.0,0.9749122262001038
MK14_HUMAN_D0_4E8A_A,24.0,1.1148743629455566
AKT1_HUMAN_D0_3OW4_B,24.0,0.5962345600128174
ROCK1_HUMAN_D0_3V8S_C,24.0,0.4522810280323029
ROCK1_HUMAN_D0_3NCZ_A,24.0,0.4154124855995178
KCC2D_CAEEL_D0_2BDW_A,24.0,0.6132723093032837
PHKG1_RABIT_D0_1QL6_A,24.0,0.4280390739440918
AKT1_HUMAN_D0_3OCB_B,24.0,0.5700486898422241
AKT1_HUMAN_D0_3OCB_A,24.0,0.5959540009498596
ROCK1_HUMAN_D0_4W7P_C,24.0,0.4111301004886627
DYRK2_HUMAN_D0_3KVW_A,24.0,1.0286892652511597
ROCK1_HUMAN_D0_3TV7_D,24.0,0.43535155057907104
CDKL5_HUMAN_D0_4BGQ_A,24.0,0.8765376210212708
KCC2D_CAEEL_D0_2BDW_B,24.0,0.5802264213562012
ROCK1_HUMAN_D0_3D9V_A,24.0,0.3968827128410339
ROCK1_HUMAN_D0_3NCZ_D,24.0,0.4167390763759613
ROCK1_HUMAN_D0_2V55_C,24.0,0.4244372248649597
AKT1_HUMAN_D0_3OW4_A,24.0,0.5884264707565308
ROCK1_HUMAN_D0_3NDM_C,24.0,0.4615574479103088
ROCK1_HUMAN_D0_2ESM_B,24.0,0.4379013180732727
ROCK1_HUMAN_D0_4W7P_D,24.0,0.4335384666919708
ROCK1_HUMAN_D0_2V55_A,24.0,0.4553901255130768
ROCK1_HUMAN_D0_2ETK_A,24.0,0.4105867743492127
PHKG1_RABIT_D0_1PHK_A,24.0,0.41282978653907776
ROCK1_HUMAN_D0_3NCZ_B,24.0,0.44397982954978943
ROCK1_HUMAN_D0_2ETR_A,24.0,0.4339218437671661
STK16_HUMAN_D0_2BUJ_B,24.0,0.5185660719871521
AKT1_HUMAN_D0_3MV5_A,24.0,0.5926355719566345
DYRK2_HUMAN_D0_3K2L_A,24.0,0.9982199668884276
ROCK1_HUMAN_D0_4W7P_A,24.0,0.4701228737831116
MLKL_MOUSE_D0_4M69_B,24.0,0.6673242449760437
ROCK1_HUMAN_D0_3D9V_B,24.0,0.4346367418766022
AKT1_HUMAN_D0_3CQU_A,24.0,0.5616248250007629
ROCK1_HUMAN_D0_3TV7_C,24.0,0.4522034525871277
AKT1_HUMAN_D0_3MVH_A,24.0,0.5938451290130615
AKT1_HUMAN_D0_3O96_A,24.0,0.8076919913291931
ROCK1_HUMAN_D0_3TV7_A,24.0,0.4287105202674866
ROCK1_HUMAN_D0_4W7P_B,24.0,0.4413601160049439
STK16_HUMAN_D0_2BUJ_A,24.0,0.4924300909042358
ROCK1_HUMAN_D0_2ETK_B,24.0,0.4240713119506836
ROCK1_HUMAN_D0_3NDM_D,24.0,0.4252590239048004
AKT1_HUMAN_D0_3QKK_A,24.0,0.5457595586776733
MK14_HUMAN_D0_3MPA_A,24.0,0.972402036190033
GAK_HUMAN_D0_4O38_B,23.8,1.035239577293396
GAK_HUMAN_D0_4O38_A,23.7,0.8931775093078613
PDPK1_HUMAN_D0_3HRC_A,23.6,0.5661008358001709
CKI1_SCHPO_D0_1CSN_A,23.6,1.0544703006744385
ST32A_HUMAN_D0_4FR4_A,23.6,0.6827658414840698
MAPK2_HUMAN_D0_3M42_A,23.6,1.0162827968597412
KCC2G_HUMAN_D0_2V7O_A,23.6,0.5508284568786621
SRK2I_ARATH_D0_3UC3_A,23.6,0.6051766872406006
ST32A_HUMAN_D0_4FR4_C,23.6,0.6499310731887817
SGK1_HUMAN_D0_2R5T_A,23.6,0.6195001602172852
CKI1_SCHPO_D0_1EH4_A,23.6,1.0175422430038452
MK12_HUMAN_D0_1CM8_A,23.6,0.6276648640632629
ST32A_HUMAN_D0_4FR4_D,23.6,0.6572462916374207
KCC2A_HUMAN_D0_2VZ6_B,23.6,0.5728785991668701
CKI1_SCHPO_D0_1EH4_B,23.6,1.01534903049469
SGK1_HUMAN_D0_3HDM_A,23.6,0.6387388706207275
STK10_HUMAN_D0_4AOT_A,23.6,0.6699007153511047
STK10_HUMAN_D0_4AOT_B,23.6,0.6908813714981079
MK14_HUMAN_D0_3O8T_A,23.6,1.0564866065979004
MK12_HUMAN_D0_1CM8_B,23.6,0.6152837872505188
CKI1_SCHPO_D0_2CSN_A,23.6,1.0685491561889648
MK14_HUMAN_D0_3O8U_A,23.6,0.9807270765304564
ST32A_HUMAN_D0_4FR4_F,23.6,0.6576969623565674
STK10_HUMAN_D0_2J7T_A,23.6,0.7669495940208435
MK08_HUMAN_D0_3VUI_A,23.6,0.8111043572425842
MAPK2_HUMAN_D0_3M2W_A,23.6,1.0144493579864502
MAPK2_HUMAN_D0_3KGA_A,23.6,0.9775568246841432
SGK1_HUMAN_D0_3HDN_A,23.6,0.6210218667984009
STK10_HUMAN_D0_4EQU_A,23.6,0.6040662527084351
STK10_HUMAN_D0_4EQU_B,23.6,0.6360515952110289
STK10_HUMAN_D0_4BC6_A,23.6,0.7573636770248413
ST32A_HUMAN_D0_4FR4_E,23.6,0.6502574682235718
ST32A_HUMAN_D0_4FR4_B,23.6,0.6755402088165283
KCC2A_HUMAN_D0_2VZ6_A,23.6,0.5449818968772888
KCC2A_HUMAN_D0_3SOA_A,23.6,0.5269860625267029
AUKBA_XENLA_D0_2BFY_B,23.5,0.5174968838691711
AUKBA_XENLA_D0_2BFX_B,23.5,0.5284290313720703
AUKBA_XENLA_D0_2BFX_A,23.5,0.5118733048439026
AUKBA_XENLA_D0_2VGO_A,23.5,0.5341230630874634
AUKBA_XENLA_D0_2VRX_B,23.5,0.5103976130485535
AUKBA_XENLA_D0_4C2W_A,23.5,0.5384184122085571
AUKBA_XENLA_D0_4B8L_A,23.5,0.6510045528411865
PDPK1_HUMAN_D0_3ORZ_B,23.5,0.6403961181640625
AUKBA_XENLA_D0_2VGP_B,23.5,0.5435854196548462
AUKBA_XENLA_D0_2VRX_A,23.5,0.529927134513855
AUKBA_XENLA_D0_2BFY_A,23.5,0.5128802657127379
PDPK1_HUMAN_D0_3ORZ_D,23.5,0.6520513296127319
AUKBA_XENLA_D0_2VGP_A,23.5,0.5274786949157715
AUKBA_XENLA_D0_4B8M_A,23.5,0.5233172178268433
AUKBA_XENLA_D0_3ZTX_A,23.5,0.5005485415458679
PDPK1_HUMAN_D0_2XCK_A,23.5,0.7025650143623352
AUKBA_XENLA_D0_2VGO_B,23.5,0.517378032207489
AUKBA_XENLA_D0_4B8M_B,23.5,0.5572582483291626
AUKBA_XENLA_D0_4C2V_B,23.5,0.5343772172927856
AUKBA_XENLA_D0_4C2V_A,23.5,0.4881568551063538
AUKBA_XENLA_D0_3ZTX_B,23.5,0.5193884372711182
PDPK1_HUMAN_D0_3NAY_B,23.4,0.7024592757225037
PDPK1_HUMAN_D0_2XCH_A,23.4,0.6484667658805847
PDPK1_HUMAN_D0_1UU8_A,23.4,0.6699111461639404
PDPK1_HUMAN_D0_3SC1_A,23.4,0.6998927593231201
PDPK1_HUMAN_D0_3NAY_A,23.4,0.6895360946655273
CDK6_HUMAN_D0_4AUA_A,23.3,0.9150661826133728
MAPK2_HUMAN_D0_3GOK_E,23.2,0.9089048504829408
CSKP_HUMAN_D0_3C0I_A,23.2,0.43682610988616943
PDPK1_HUMAN_D0_3PWY_A,23.2,0.5083365440368652
TITIN_HUMAN_D0_1TKI_A,23.2,0.8995307683944702
MRCKB_HUMAN_D0_4UAL_A,23.2,0.4998457133769989
MRCKB_HUMAN_D0_4UAK_A,23.2,0.5243685841560364
CDK6_HUMAN_D0_1BLX_A,23.2,0.8766242861747742
HASP_HUMAN_D0_4OUC_A,23.2,0.9369954466819764
KCC2B_HUMAN_D0_3BHH_C,23.2,0.6294353008270264
KCC1A_RAT_D0_1A06_A,23.2,0.6740182042121887
MAPK2_HUMAN_D0_3R2B_I,23.2,0.844639241695404
KCC2D_HUMAN_D0_2VN9_A,23.2,0.5814183354377747
KCC2D_HUMAN_D0_2WEL_A,23.2,0.5916539430618286
CDK6_HUMAN_D0_1G3N_E,23.2,1.0181444883346558
MAPK2_HUMAN_D0_3GOK_D,23.2,0.832377552986145
HASP_HUMAN_D0_3FMD_A,23.2,0.9643986225128174
SRK2E_ARATH_D0_3ZUT_A,23.2,0.7324343919754028
KC1G3_HUMAN_D0_4G17_A,23.2,0.763235330581665
PDPK1_HUMAN_D0_3QCS_A,23.2,0.465253621339798
PHKG2_HUMAN_D0_2Y7J_B,23.2,0.4480721652507782
PDPK1_HUMAN_D0_3IOP_A,23.2,0.5105218887329102
PDPK1_HUMAN_D0_3ORX_C,23.2,0.5030931234359741
SRK2E_ARATH_D0_3UC4_B,23.2,0.7351654171943665
MAPK2_HUMAN_D0_2JBP_C,23.2,0.9084647893905641
CDK6_HUMAN_D0_1XO2_B,23.2,0.7228345274925232
MAPK2_HUMAN_D0_3R2B_A,23.2,0.9221447110176086
PDPK1_HUMAN_D0_3NUS_A,23.2,0.4722906947135925
MAPK2_HUMAN_D0_2PZY_B,23.2,0.9326631426811218
MAPK2_HUMAN_D0_1KWP_B,23.2,0.8607716560363771
TITIN_HUMAN_D0_4JNW_A,23.2,0.9059230089187622
MAPK2_HUMAN_D0_3A2C_I,23.2,0.9430596232414246
HASP_HUMAN_D0_3E7V_A,23.2,0.9473578333854676
SRK2E_ARATH_D0_3ZUU_B,23.2,0.7198066711425781
CDK6_HUMAN_D0_1G3N_A,23.2,0.9865564107894896
PHKG2_HUMAN_D0_2Y7J_A,23.2,0.419613927602768
MAPK2_HUMAN_D0_3GOK_H,23.2,0.891837477684021
MAPK2_HUMAN_D0_3FYK_X,23.2,0.7525221109390259
CSKP_HUMAN_D0_3TAC_A,23.2,0.44798794388771057
MAPK2_HUMAN_D0_3GOK_I,23.2,0.8710814118385315
NEK1_HUMAN_D0_4B9D_A,23.2,0.524757981300354
PDPK1_HUMAN_D0_2BIY_A,23.2,0.5370259881019592
MAPK2_HUMAN_D0_3KC3_L,23.2,0.8483208417892456
PDPK1_HUMAN_D0_1UVR_A,23.2,0.5781013369560242
MAPK2_HUMAN_D0_3R2B_E,23.2,0.8532730340957642
MAPK2_HUMAN_D0_2ONL_C,23.2,0.8587811589241028
PDPK1_HUMAN_D0_3ORZ_A,23.2,0.5222278237342834
MRCKB_HUMAN_D0_3TKU_A,23.2,0.5345134139060974
PHKG2_HUMAN_D0_2Y7J_C,23.2,0.4379452168941498
DMPK_HUMAN_D0_2VD5_A,23.2,0.4533338844776154
MAPK2_HUMAN_D0_3R2Y_A,23.2,0.8998806476593018
KC1G3_HUMAN_D0_2IZR_A,23.2,0.7050451040267944
MAPK2_HUMAN_D0_3GOK_K,23.2,0.9122033119201659
MAPK2_HUMAN_D0_3R2B_K,23.2,0.8493956923484802
MAPK2_HUMAN_D0_3GOK_L,23.2,0.8300274610519409
MAPK2_HUMAN_D0_2JBO_A,23.2,0.8823283910751343
KCC2B_HUMAN_D0_3BHH_D,23.2,0.5669876933097839
MAPK2_HUMAN_D0_3KC3_K,23.2,0.8883333206176758
CSKP_HUMAN_D0_3C0G_B,23.2,0.4334957897663117
PDPK1_HUMAN_D0_3QD4_A,23.2,0.5035734176635742
CSKP_HUMAN_D0_3MFS_A,23.2,0.4453189671039581
MAPK2_HUMAN_D0_3WI6_F,23.2,0.8373927474021912
KC1G3_HUMAN_D0_2IZU_A,23.2,0.7075708508491516
PDPK1_HUMAN_D0_3QD0_A,23.2,0.4924066662788391
MAPK2_HUMAN_D0_3R2B_H,23.2,0.948106050491333
MAPK2_HUMAN_D0_2JBP_J,23.2,0.9169599413871764
MAPK2_HUMAN_D0_3A2C_G,23.2,0.8961392045021057
PDPK1_HUMAN_D0_3NUU_A,23.2,0.5002810955047607
PDPK1_HUMAN_D0_4A07_A,23.2,0.5861154794692993
MAPK2_HUMAN_D0_3A2C_E,23.2,0.9007202982902528
MAPK2_HUMAN_D0_3A2C_A,23.2,0.877964198589325
PDPK1_HUMAN_D0_3H9O_A,23.2,0.5199377536773682
SRK2E_ARATH_D0_3UDB_F,23.2,0.71705162525177
MAPK2_HUMAN_D0_3KC3_B,23.2,0.9316281080245972
CSKP_HUMAN_D0_3MFT_A,23.2,0.44402527809143066
MAPK3_HUMAN_D0_3FXW_A,23.2,0.8888360261917114
MAPK2_HUMAN_D0_2JBP_B,23.2,0.8874656558036804
PDPK1_HUMAN_D0_4AW0_A,23.2,0.5304754972457886
HASP_HUMAN_D0_3F2N_A,23.2,0.9201292991638184
MRCKA_RAT_D0_4AW2_A,23.2,0.43663519620895386
PDPK1_HUMAN_D0_3NUN_A,23.2,0.4934270083904266
HASP_HUMAN_D0_2WB8_A,23.2,0.927059292793274
MAPK2_HUMAN_D0_2JBP_E,23.2,0.9360966086387634
PDPK1_HUMAN_D0_1H1W_A,23.2,0.4901248514652252
PDPK1_HUMAN_D0_3RCJ_A,23.2,0.5489253401756287
PDPK1_HUMAN_D0_3ORX_F,23.2,0.5308015346527101
PDPK1_HUMAN_D0_1UU7_A,23.2,0.5238775610923767
MAPK3_HUMAN_D0_3R1N_A,23.2,0.8692342042922974
MAPK2_HUMAN_D0_3R2B_F,23.2,0.9285973906517028
PDPK1_HUMAN_D0_3ORX_E,23.2,0.4866388440132141
PDPK1_HUMAN_D0_3ORX_B,23.2,0.5144833922386169
PDPK1_HUMAN_D0_3RWQ_A,23.2,0.5246155261993408
PDPK1_HUMAN_D0_3NUY_A,23.2,0.498051255941391
KCC4_HUMAN_D0_2W4O_A,23.2,0.8185644745826721
CDK6_HUMAN_D0_2EUF_B,23.2,0.7024124264717102
MAPK2_HUMAN_D0_2P3G_X,23.2,0.6354279518127441
NEK1_HUMAN_D0_4APC_A,23.2,0.5293573141098022
MK08_HUMAN_D0_3VUK_A,23.2,0.8713971972465515
SRK2E_ARATH_D0_3UDB_B,23.2,0.7687396407127379
CSKP_HUMAN_D0_3C0G_A,23.2,0.4394728541374207
HASP_HUMAN_D0_3DLZ_A,23.2,0.8969810605049133
SRK2E_ARATH_D0_3UDB_A,23.2,0.7013682126998901
MAPK2_HUMAN_D0_3GOK_C,23.2,0.8606999516487122
MAPK2_HUMAN_D0_3WI6_B,23.2,0.8216229081153871
SRK2E_ARATH_D0_3UDB_D,23.2,0.7069555521011353
CSKP_HUMAN_D0_3C0H_A,23.2,0.4316548407077789
PDPK1_HUMAN_D0_3RWP_A,23.2,0.5231670141220093
MAPK2_HUMAN_D0_3WI6_D,23.2,0.8458287119865417
MRCKB_HUMAN_D0_3TKU_B,23.2,0.4844742119312286
TITIN_HUMAN_D0_1TKI_B,23.2,0.901220679283142
PDPK1_HUMAN_D0_3QCY_A,23.2,0.4814082086086273
MAPK2_HUMAN_D0_3R2B_G,23.2,0.9494754672050476
CDK6_HUMAN_D0_1BI8_C,23.2,1.0200014114379885
CSKP_HUMAN_D0_3MFU_A,23.2,0.4177417457103729
MAPK2_HUMAN_D0_3KC3_C,23.2,0.9638662934303284
MAPK2_HUMAN_D0_3KC3_A,23.2,0.8673478960990906
MAPK2_HUMAN_D0_3R2B_D,23.2,0.9153568148612976
MAPK2_HUMAN_D0_2PZY_D,23.2,0.8500483632087708
PDPK1_HUMAN_D0_4AW1_A,23.2,0.5105167031288147
PDPK1_HUMAN_D0_3QCX_A,23.2,0.5053781867027283
MAPK2_HUMAN_D0_3GOK_A,23.2,0.9156875610351562
KC1G3_HUMAN_D0_2IZS_A,23.2,0.7501153349876404
PDPK1_HUMAN_D0_1Z5M_A,23.2,0.5150150656700134
PDPK1_HUMAN_D0_2R7B_A,23.2,0.5231587886810303
MAPK2_HUMAN_D0_3KC3_E,23.2,0.9377857446670532
HASP_HUMAN_D0_3IQ7_A,23.2,0.9071455001831056
MAPK2_HUMAN_D0_3A2C_D,23.2,0.88968825340271
HASP_HUMAN_D0_2VUW_A,23.2,0.9481752514839172
TITIN_HUMAN_D0_4JNW_B,23.2,0.9002218246459961
MAPK2_HUMAN_D0_2JBP_F,23.2,0.88265460729599
PDPK1_HUMAN_D0_3ORX_A,23.2,0.4861472845077514
CDK6_HUMAN_D0_2F2C_B,23.2,0.698567271232605
PDPK1_HUMAN_D0_3QD3_A,23.2,0.4903155267238617
MAPK2_HUMAN_D0_2JBP_D,23.2,0.916188657283783
MAPK2_HUMAN_D0_3A2C_F,23.2,0.9140677452087402
MAPK2_HUMAN_D0_1NY3_A,23.2,0.935795783996582
SRK2E_ARATH_D0_3ZUT_B,23.2,0.7581504583358765
PDPK1_HUMAN_D0_4CT2_A,23.2,0.5708637833595276
CDK6_HUMAN_D0_1BI7_A,23.2,1.1520441770553589
KCC2B_HUMAN_D0_3BHH_B,23.2,0.5223382711410522
MAPK2_HUMAN_D0_3R2B_C,23.2,0.8581754565238953
MAPK2_HUMAN_D0_2JBP_A,23.2,0.8108916282653809
MRCKB_HUMAN_D0_3QFV_A,23.2,0.5460421442985535
MAPK2_HUMAN_D0_3A2C_J,23.2,0.8686047792434692
MAPK2_HUMAN_D0_3KC3_I,23.2,0.9852133989334106
CDK6_HUMAN_D0_4EZ5_A,23.2,0.753169059753418
KC1G3_HUMAN_D0_4HGL_A,23.2,0.7215089201927185
MAPK3_HUMAN_D0_3SHE_A,23.2,0.8349097967147827
MAPK2_HUMAN_D0_3R2B_L,23.2,0.9120407700538636
CSKP_HUMAN_D0_3MFR_A,23.2,0.4543298482894898
PDPK1_HUMAN_D0_3QCQ_A,23.2,0.5003737807273865
KC1G3_HUMAN_D0_2IZT_A,23.2,0.6853355169296265
MAPK2_HUMAN_D0_3A2C_B,23.2,0.9272124767303468
MAPK2_HUMAN_D0_3WI6_A,23.2,0.8691833615303041
PDPK1_HUMAN_D0_2PE1_A,23.2,0.4575101137161255
MAPK2_HUMAN_D0_1KWP_A,23.2,0.7471259832382202
MAPK2_HUMAN_D0_3KA0_A,23.2,0.7029058933258057
CDK6_HUMAN_D0_1BI8_A,23.2,1.1484084129333496
MAPK2_HUMAN_D0_3R2B_B,23.2,0.8733327984809875
MAPK2_HUMAN_D0_3FPM_A,23.2,0.914419949054718
MAPK2_HUMAN_D0_2JBP_K,23.2,0.961455225944519
MAPK2_HUMAN_D0_3GOK_J,23.2,0.9491833448410034
KC1G3_HUMAN_D0_2CHL_A,23.2,0.6716650128364563
MAPK2_HUMAN_D0_3GOK_B,23.2,0.870662271976471
MAPK2_HUMAN_D0_3GOK_F,23.2,0.9579460620880128
PDPK1_HUMAN_D0_1UU3_A,23.2,0.4838716983795166
PDPK1_HUMAN_D0_3HRF_A,23.2,0.5427758693695068
MAPK2_HUMAN_D0_2JBP_L,23.2,0.7178089618682861
MAPK2_HUMAN_D0_3WI6_E,23.2,0.8984444737434387
MAPK2_HUMAN_D0_2JBP_H,23.2,0.8573653101921082
MAPK2_HUMAN_D0_3A2C_K,23.2,0.919061541557312
SRK2E_ARATH_D0_3UJG_A,23.2,0.6307224631309509
MAPK2_HUMAN_D0_3KC3_F,23.2,0.934396505355835
MAPK2_HUMAN_D0_3KC3_H,23.2,0.8736488819122314
MAPK2_HUMAN_D0_3R2B_J,23.2,0.8797586560249329
SRK2E_ARATH_D0_3ZUU_A,23.2,0.7390198111534119
MAPK3_HUMAN_D0_3FHR_A,23.2,0.7815234065055847
PDPK1_HUMAN_D0_4A06_A,23.2,0.5326052308082581
KC1G3_HUMAN_D0_4G16_A,23.2,0.7489964962005615
PDPK1_HUMAN_D0_3ION_A,23.2,0.4977819621562958
MAPK2_HUMAN_D0_3KC3_G,23.2,0.8715482950210571
MAPK2_HUMAN_D0_3FYJ_X,23.2,0.7448605895042419
PDPK1_HUMAN_D0_3ORX_D,23.2,0.5268505811691284
PDPK1_HUMAN_D0_3ORX_G,23.2,0.4644120335578919
MAPK2_HUMAN_D0_3GOK_G,23.2,0.9798573851585388
MAPK2_HUMAN_D0_3WI6_C,23.2,0.9682443737983704
MAPK2_HUMAN_D0_2PZY_A,23.2,0.8868838548660278
PDPK1_HUMAN_D0_3NAX_A,23.2,0.5528836846351624
PHKG2_HUMAN_D0_2Y7J_D,23.2,0.4514407813549042
SRK2E_ARATH_D0_3UC4_A,23.2,0.7533888816833496
MK14_HUMAN_D0_3MH2_A,23.2,1.1231921911239624
PDPK1_HUMAN_D0_3OTU_A,23.2,0.5472931265830994
PDPK1_HUMAN_D0_3ORX_H,23.2,0.5127761960029602
DMPK_HUMAN_D0_2VD5_B,23.2,0.4277953505516052
CDK6_HUMAN_D0_3NUP_A,23.2,0.8283434510231018
PDPK1_HUMAN_D0_2PE2_A,23.2,0.4847672581672669
MK08_HUMAN_D0_3VUL_A,23.2,1.0275112390518188
MAPK2_HUMAN_D0_2JBP_G,23.2,0.915536642074585
CSKP_HUMAN_D0_3C0H_B,23.2,0.4162174761295319
PDPK1_HUMAN_D0_2PE0_A,23.2,0.5212403535842896
NEK1_HUMAN_D0_4APC_B,23.2,0.4747104048728943
MAPK2_HUMAN_D0_2OZA_A,23.2,0.9193671941757202
MAPK2_HUMAN_D0_3KC3_J,23.2,0.8353520631790161
MAPK2_HUMAN_D0_2PZY_C,23.2,0.9241480231285096
KCC2B_HUMAN_D0_3BHH_A,23.2,0.566550612449646
HASP_HUMAN_D0_4QTC_A,23.2,0.9752695560455322
KC1G3_HUMAN_D0_4HGS_A,23.2,0.7053261995315552
MAPK2_HUMAN_D0_3KC3_D,23.2,0.8784955739974976
KCC2D_HUMAN_D0_2VN9_B,23.2,0.5897473096847534
PDPK1_HUMAN_D0_3ORZ_C,23.2,0.5200777649879456
PAK6_HUMAN_D0_4KS8_A,23.0,0.4083632528781891
KAPCA_HUMAN_D0_3AMB_A,23.0,0.8561803102493286
KAPCA_HUMAN_D0_3AMA_A,23.0,0.8696562647819519
PAK6_HUMAN_D0_2C30_A,23.0,0.4656537175178528
PAK6_HUMAN_D0_4KS7_A,23.0,0.4610245525836945
ERN1_MOUSE_D0_4PL5_D,22.8,0.7099854350090027
SLK_HUMAN_D0_2J51_A,22.8,0.7995173335075378
SLK_HUMAN_D0_2UV2_A,22.8,0.783462643623352
ERN1_MOUSE_D0_4PL5_A,22.8,0.6836004853248596
PDPK1_HUMAN_D0_4CT1_A,22.8,0.5578625202178955
ERN1_MOUSE_D0_4PL5_B,22.8,0.7045275568962097
ERN1_HUMAN_D0_3P23_B,22.8,0.6520188450813293
ERN1_MOUSE_D0_4PL5_C,22.8,0.7028966546058655
ERN1_MOUSE_D0_4PL3_B,22.8,0.6982493996620178
ERN1_MOUSE_D0_4PL4_C,22.8,0.6929397583007812
SLK_HUMAN_D0_2JFM_A,22.8,0.8094875812530518
ERN1_MOUSE_D0_4PL4_A,22.8,0.7396110296249391
ERN1_HUMAN_D0_3P23_C,22.8,0.6480731368064879
ERN1_HUMAN_D0_3P23_A,22.8,0.6837551593780518
ERN1_MOUSE_D0_4PL4_B,22.8,0.7158784270286559
ERN1_MOUSE_D0_4PL4_D,22.8,0.6931252479553223
ERN1_HUMAN_D0_3P23_D,22.8,0.5968963503837585
ERN1_MOUSE_D0_4PL3_A,22.8,0.6934375166893005
ERN1_HUMAN_D0_4U6R_A,22.8,0.6097727417945862
PDPK1_HUMAN_D0_1OKZ_A,22.7,0.5649837851524353
PDPK1_HUMAN_D0_1UU9_A,22.7,0.5758840441703796
KCC1A_HUMAN_D0_4FG7_A,22.7,0.5637396574020386
CDK6_HUMAN_D0_4TTH_B,22.6,0.7193050980567932
PLK1_HUMAN_D0_2V5Q_B,22.5,0.5918565988540649
PASK_HUMAN_D0_3DLS_B,22.5,0.5216136574745178
PASK_HUMAN_D0_3DLS_F,22.5,0.5245522856712341
PLK1_HUMAN_D0_3THB_A,22.5,0.6396110653877258
KCC1G_HUMAN_D0_2JAM_A,22.5,0.7427626252174377
PLK1_HUMAN_D0_4A4L_A,22.5,0.6310092806816101
PLK1_HUMAN_D0_4A4O_A,22.5,0.6196572184562683
PLK1_HUMAN_D0_3FC2_A,22.5,0.6155664920806885
PLK1_HUMAN_D0_2OWB_A,22.5,0.6256340742111206
PASK_HUMAN_D0_3DLS_C,22.5,0.593823254108429
PLK1_HUMAN_D0_2RKU_A,22.5,0.606640100479126
PLK1_HUMAN_D0_2V5Q_A,22.5,0.6035349369049072
PLK1_HUMAN_D0_2OU7_A,22.5,0.6068345308303833
PLK1_HUMAN_D0_4J53_A,22.5,0.6128435134887695
KCC1G_HUMAN_D0_2JAM_B,22.5,0.7047134041786194
PASK_HUMAN_D0_3DLS_E,22.5,0.536906898021698
PLK1_HUMAN_D0_4J52_A,22.5,0.5817674994468689
PASK_HUMAN_D0_3DLS_A,22.5,0.5536038279533386
PASK_HUMAN_D0_3DLS_D,22.5,0.5532382726669312
PLK1_HUMAN_D0_2YAC_A,22.5,0.6034748554229736
PLK1_HUMAN_D0_3KB7_A,22.5,0.6066662669181824
CSK2A_MAIZE_D0_1M2Q_A,22.4,0.5259599685668945
CSK2A_MAIZE_D0_2PVH_A,22.4,0.5442467927932739
KC1G2_HUMAN_D0_2C47_B,22.4,0.7512305974960327
CSK2A_MAIZE_D0_1J91_A,22.4,0.5319000482559204
CSK21_YEAST_D0_4LFI_B,22.4,1.3322659730911257
CSK2A_MAIZE_D0_2PVN_A,22.4,0.520876944065094
KC1G2_HUMAN_D0_2C47_C,22.4,0.7748858332633972
CSK2A_MAIZE_D0_2OXY_A,22.4,0.4932423830032349
CSK21_YEAST_D0_4JR7_A,22.4,1.3799409866333008
CSK2A_MAIZE_D0_1DS5_C,22.4,0.4841045439243317
CSK2A_MAIZE_D0_3PWD_A,22.4,0.5162565708160399
CDK6_HUMAN_D0_3NUX_A,22.4,0.6840225458145142
PDPK1_HUMAN_D0_1OKY_A,22.4,0.5704683661460876
MAPK2_HUMAN_D0_1NXK_C,22.4,0.9095763564109802
CSK2A_MAIZE_D0_3KXG_A,22.4,0.5258188247680664
AAK1_HUMAN_D0_4WSQ_B,22.4,0.48501056432724
CSK2A_MAIZE_D0_3PZH_A,22.4,0.5333433151245117
CSK2A_MAIZE_D0_1M2R_A,22.4,0.5027453303337097
CSK2A_MAIZE_D0_3KXH_A,22.4,0.5194652080535889
CSK2A_MAIZE_D0_4ANM_A,22.4,0.5554606914520264
CSK2A_MAIZE_D0_3KXN_A,22.4,0.5268610715866089
CSK2A_MAIZE_D0_3FL5_A,22.4,0.5427771806716919
CSK2A_MAIZE_D0_1DS5_D,22.4,0.528045117855072
CSK2A_MAIZE_D0_1LPU_A,22.4,0.5466855764389038
CSK2A_MAIZE_D0_1DAY_A,22.4,0.5188699960708618
CSK2A_MAIZE_D0_1ZOE_A,22.4,0.5223161578178406
CSK2A_MAIZE_D0_1J91_B,22.4,0.4957129955291748
CSK2A_MAIZE_D0_2OXX_A,22.4,0.5362692475318909
CSK2A_MAIZE_D0_2OXD_A,22.4,0.5401023626327515
CSK2A_MAIZE_D0_1M2P_A,22.4,0.5223750472068787
CSK2A_MAIZE_D0_1F0Q_A,22.4,0.516278862953186
CSK2A_MAIZE_D0_1JAM_A,22.4,0.5409772396087646
CSK2A_MAIZE_D0_1DS5_B,22.4,0.5282562375068665
CSK2A_MAIZE_D0_3PVG_A,22.4,0.5567983984947205
CSK2A_MAIZE_D0_2OXY_B,22.4,0.5153326988220215
CSK2A_MAIZE_D0_2PVM_A,22.4,0.5073343515396118
CSK2A_MAIZE_D0_2PVL_A,22.4,0.475943922996521
CSK2A_MAIZE_D0_2QC6_A,22.4,0.5230076313018799
CSK21_YEAST_D0_4LFI_A,22.4,1.299136519432068
CSK2A_MAIZE_D0_1LP4_A,22.4,0.5213625431060791
CSK2A_MAIZE_D0_2PVK_A,22.4,0.5319538116455078
CSK2A_MAIZE_D0_1OM1_A,22.4,0.5511372685432434
CSK2A_MAIZE_D0_1LR4_A,22.4,0.5225024819374084
CSK2A_MAIZE_D0_2PVJ_A,22.4,0.5410158634185791
KPCL_HUMAN_D0_3TXO_A,22.4,0.8361556529998779
CSK2A_MAIZE_D0_3BE9_A,22.4,0.552269697189331
AAK1_HUMAN_D0_4WSQ_A,22.4,0.5180287361145021
CSK2A_MAIZE_D0_1ZOH_A,22.4,0.4997004866600037
CSK2A_MAIZE_D0_1ZOG_A,22.4,0.5193157792091371
CSK2A_MAIZE_D0_1DAW_A,22.4,0.5108602046966553
CSK2A_MAIZE_D0_1DS5_A,22.4,0.5188148617744446
CSK2A_MAIZE_D0_4DGM_A,22.4,0.5003550052642822
CSK2A_MAIZE_D0_4DGN_A,22.4,0.5364802479743958
KC1G2_HUMAN_D0_2C47_A,22.4,0.7174352407455444
CSK21_YEAST_D0_4FI1_A,22.4,1.3579448461532593
CSK21_YEAST_D0_4JQE_A,22.4,1.3634454011917114
CSK2A_MAIZE_D0_4DGO_A,22.4,0.528373122215271
CSK21_YEAST_D0_4MWH_A,22.4,1.2920736074447632
CSK2A_MAIZE_D0_3KXM_A,22.4,0.5325271487236023
MAPK2_HUMAN_D0_1NXK_A,22.3,1.029780030250549
MAPK2_HUMAN_D0_1NXK_D,22.1,0.8404713273048401
KAPCA_BOVIN_D0_1XH9_A,22.1,0.5588768720626831
NEK1_HUMAN_D0_4B9D_B,22.1,0.5203941464424133
KAPCA_PIG_D0_1CMK_E,22.0,0.4754053950309754
SLK_HUMAN_D0_2JFL_A,22.0,0.7743239998817444
KAPCA_PIG_D0_1CDK_A,22.0,0.4569561779499054
KAPCA_PIG_D0_1CDK_B,22.0,0.4221591353416443
KAPCA_PIG_D0_1CTP_E,22.0,0.4892101287841797
SRK2E_ARATH_D0_3UDB_C,21.9,0.7964144349098206
AURKB_HUMAN_D0_4AF3_A,21.9,0.7143276333808899
KAPCA_HUMAN_D0_3VQH_A,21.7,0.4606725871562958
KAPCA_HUMAN_D0_3OXT_A,21.7,0.4184297323226929
KAPCA_MOUSE_D0_4DH5_A,21.7,0.4522406458854675
KAPCA_HUMAN_D0_3L9L_A,21.7,0.4573462009429932
KAPCA_MOUSE_D0_3QAM_E,21.7,0.4355844259262085
KAPCA_MOUSE_D0_4IAC_A,21.7,0.4584933221340179
KAPCA_MOUSE_D0_1BX6_A,21.7,0.45734041929245
KAPCA_BOVIN_D0_1XH6_A,21.7,0.5025741457939148
KAPCA_MOUSE_D0_3TNP_F,21.7,0.44584208726882935
KCC1A_HUMAN_D0_4FGB_A,21.7,0.6359469890594482
KPCI_MOUSE_D0_4DC2_A,21.7,0.4705698788166046
KAPCA_MOUSE_D0_1RDQ_E,21.7,0.4291194975376129
KAPCA_BOVIN_D0_1Q62_A,21.7,0.4275689423084259
KAPCA_BOVIN_D0_2VO0_A,21.7,0.4320882856845856
KAPCA_BOVIN_D0_3E8C_E,21.7,0.4472374618053436
KAPCA_BOVIN_D0_3E8C_B,21.7,0.4501278698444367
KAPCA_MOUSE_D0_2QVS_E,21.7,0.4942731559276581
KAPCA_BOVIN_D0_1Q24_A,21.7,0.5012034177780151
KAPCA_MOUSE_D0_1REJ_A,21.7,0.4490626454353333
KPCI_HUMAN_D0_3A8X_B,21.7,0.4380220174789429
KAPCA_BOVIN_D0_2F7X_E,21.7,0.4434328377246857
KAPCA_HUMAN_D0_3L9N_A,21.7,0.4758742451667786
KAPCA_BOVIN_D0_1XH7_A,21.7,0.451602041721344
KAPCA_MOUSE_D0_4DFZ_E,21.7,0.4734259843826294
KAPCA_MOUSE_D0_1SYK_A,21.7,0.5049729347229004
KAPCA_MOUSE_D0_4DH7_A,21.7,0.4404166638851166
KAPCA_HUMAN_D0_3AGM_A,21.7,0.4551916718482971
KAPCA_HUMAN_D0_3AGL_A,21.7,0.4547363817691803
KAPCA_MOUSE_D0_3PVB_A,21.7,0.4510861337184906
KAPCA_BOVIN_D0_2VO3_A,21.7,0.4485775828361511
CSK21_HUMAN_D0_4MD9_F,21.7,0.8801098465919495
KAPCA_BOVIN_D0_2C1A_A,21.7,0.43470528721809387
KAPCA_BOVIN_D0_2JDS_A,21.7,0.470273107290268
KCC1A_HUMAN_D0_4FG9_A,21.7,0.6453357934951782
KAPCA_BOVIN_D0_1VEB_A,21.7,0.4419912099838257
KPCI_HUMAN_D0_3A8X_A,21.7,0.4798052608966827
KAPCA_MOUSE_D0_4DIN_A,21.7,0.4662653505802154
KAPCA_BOVIN_D0_3E8E_I,21.7,0.4965436458587647
KC1G2_HUMAN_D0_2C47_D,21.7,0.7762004733085632
KAPCA_HUMAN_D0_3AGL_B,21.7,0.4506512582302094
KAPCA_BOVIN_D0_2F7E_E,21.7,0.4753912389278412
KAPCA_MOUSE_D0_4DFX_E,21.7,0.4715895652770996
KCC1A_HUMAN_D0_4FG9_B,21.7,0.5677487850189209
KAPCA_MOUSE_D0_3TNP_C,21.7,0.48000752925872797
KAPCA_BOVIN_D0_1Q8T_A,21.7,0.4583066999912262
KAPCA_MOUSE_D0_3OW3_A,21.7,0.4639875590801239
KAPCA_HUMAN_D0_3MVJ_B,21.7,0.4189674854278565
KAPCA_HUMAN_D0_3MVJ_E,21.7,0.4389711618423462
KAPCA_BOVIN_D0_3ZO4_A,21.7,0.46076700091362
KAPCA_MOUSE_D0_1ATP_E,21.7,0.43374738097190857
KAPCA_MOUSE_D0_1RE8_A,21.7,0.4472036063671112
KAPCA_BOVIN_D0_1Q8W_A,21.7,0.4429654777050018
KAPCA_MOUSE_D0_3TNQ_B,21.7,0.4371824264526367
KAPCA_MOUSE_D0_4IAI_A,21.7,0.46309694647789
KAPCA_MOUSE_D0_1FMO_E,21.7,0.4662720561027527
KAPCA_BOVIN_D0_1SVH_A,21.7,0.4716308414936066
KAPCA_BOVIN_D0_3E8E_P,21.7,0.4580287337303162
KAPCA_BOVIN_D0_3E8E_E,21.7,0.4650666415691376
KPCI_HUMAN_D0_3ZH8_C,21.7,0.463068962097168
KAPCA_MOUSE_D0_4DG0_E,21.7,0.43222731351852417
KAPCA_BOVIN_D0_1XH5_A,21.7,0.4310582280158997
KAPCA_MOUSE_D0_4IB0_A,21.7,0.4827843904495239
KAPCA_BOVIN_D0_1XH4_A,21.7,0.4637896716594696
KAPCA_MOUSE_D0_3IDB_A,21.7,0.4700875878334045
KAPCA_MOUSE_D0_3QAL_E,21.7,0.4754135012626648
CSK22_HUMAN_D0_3OFM_A,21.7,0.5815187692642212
KAPCA_MOUSE_D0_4DFY_E,21.7,0.6266475915908813
KAPCA_BOVIN_D0_1XHA_A,21.7,0.4755509495735169
CSK22_HUMAN_D0_3E3B_X,21.7,0.5781041979789734
KAPCA_MOUSE_D0_4DH8_A,21.7,0.4755165874958038
KAPCA_MOUSE_D0_1APM_E,21.7,0.4554228484630585
KAPCA_HUMAN_D0_3NX8_A,21.7,0.4586127996444702
KAPCA_BOVIN_D0_1SVE_A,21.7,0.4714555442333221
KAPCA_BOVIN_D0_2F7Z_E,21.7,0.4532225728034973
KAPCA_BOVIN_D0_3AG9_B,21.7,0.4779727458953858
KAPCA_MOUSE_D0_4IAY_A,21.7,0.438292384147644
KAPCA_BOVIN_D0_2GNI_A,21.7,0.5014253258705139
KAPCA_HUMAN_D0_4AE9_A,21.7,0.4754149913787842
KAPCA_MOUSE_D0_4NTT_B,21.7,0.45014068484306335
KAPCA_MOUSE_D0_1REK_A,21.7,0.5264951586723328
KPCI_HUMAN_D0_3A8W_A,21.7,0.42784929275512695
KAPCA_HUMAN_D0_3POO_A,21.7,0.4338382184505463
KAPCA_BOVIN_D0_3E8E_L,21.7,0.4558094143867493
KAPCA_BOVIN_D0_3KKV_A,21.7,0.4365080296993256
KAPCA_BOVIN_D0_2UW7_A,21.7,0.4735153019428253
KAPCA_BOVIN_D0_2UVY_A,21.7,0.4805518984794617
KAPCA_BOVIN_D0_1YDT_E,21.7,0.4653698205947876
KAPCA_MOUSE_D0_4IAZ_A,21.7,0.4652510583400726
KAPCA_HUMAN_D0_3OVV_A,21.7,0.4377344846725464
KAPCA_BOVIN_D0_2UVX_A,21.7,0.5118545293807983
KAPCA_BOVIN_D0_2JDV_A,21.7,0.4534043967723846
KAPCA_MOUSE_D0_4IB1_A,21.7,0.4508298337459564
KAPCA_BOVIN_D0_3E8E_A,21.7,0.4679665565490722
KAPCA_BOVIN_D0_1YDS_E,21.7,0.4462202787399292
KAPCA_BOVIN_D0_3E8C_A,21.7,0.4408649504184723
KAPCA_BOVIN_D0_2OH0_E,21.7,0.5046935081481934
KAPCA_MOUSE_D0_4DFY_A,21.7,0.5973156690597534
KAPCA_MOUSE_D0_4NTS_A,21.7,0.4831356406211853
KAPCA_MOUSE_D0_1L3R_E,21.7,0.4516339898109436
KAPCA_BOVIN_D0_2UZT_A,21.7,0.4419504404067993
KAPCA_BOVIN_D0_2GNH_A,21.7,0.5053139925003052
KAPCA_BOVIN_D0_3DND_A,21.7,0.4401497840881348
KAPCA_MOUSE_D0_4DH3_A,21.7,0.4511836469173432
KAPCA_BOVIN_D0_2UZW_E,21.7,0.4599407017230988
KAPCA_HUMAN_D0_3P0M_A,21.7,0.4538456499576569
KAPCA_BOVIN_D0_1YDR_E,21.7,0.4354337751865387
KAPCA_BOVIN_D0_2UW0_A,21.7,0.4474963545799256
KAPCA_BOVIN_D0_4AXA_A,21.7,0.494074285030365
KAPCA_MOUSE_D0_2ERZ_E,21.7,0.466724306344986
KAPCA_HUMAN_D0_3L9L_B,21.7,0.4555874168872833
KAPCA_HUMAN_D0_3MVJ_A,21.7,0.4682006537914276
KAPCA_BOVIN_D0_3E8C_D,21.7,0.4656268954277039
KAPCA_HUMAN_D0_3OOG_A,21.7,0.4504085779190064
DYRK2_HUMAN_D0_4AZF_A,21.7,0.6528980135917664
KAPCA_BOVIN_D0_2GNG_A,21.7,0.4962081909179688
KAPCA_MOUSE_D0_1JLU_E,21.7,0.4742252230644226
KAPCA_BOVIN_D0_1SZM_B,21.7,0.4868501424789429
KAPCA_HUMAN_D0_3OWP_A,21.7,0.4410175085067749
KAPCA_MOUSE_D0_2QUR_A,21.7,0.4680754244327545
KAPCA_MOUSE_D0_4NTS_B,21.7,0.5031251311302185
KAPCA_MOUSE_D0_4IAK_A,21.7,0.464067816734314
KAPCA_MOUSE_D0_4O21_A,21.7,0.4392622709274292
KPCI_HUMAN_D0_3ZH8_B,21.7,0.4197971522808075
KAPCA_BOVIN_D0_3E8E_B,21.7,0.4673540890216827
KAPCA_BOVIN_D0_1SVG_A,21.7,0.4453475773334503
KAPCA_BOVIN_D0_2GNF_A,21.7,0.5035070776939392
KAPCA_MOUSE_D0_4IAF_A,21.7,0.4900944530963898
KAPCA_BOVIN_D0_2C1B_A,21.7,0.493028461933136
KPCI_HUMAN_D0_1ZRZ_A,21.7,0.4781310856342316
KAPCA_BOVIN_D0_3ZO2_A,21.7,0.4006759226322174
KAPCA_MOUSE_D0_4IB3_A,21.7,0.4792991578578949
KAPCA_BOVIN_D0_3BWJ_A,21.7,0.44195207953453053
KAPCA_MOUSE_D0_4O22_A,21.7,0.4662931859493256
KAPCA_MOUSE_D0_4DH1_A,21.7,0.4503674805164337
KAPCA_BOVIN_D0_1Q8U_A,21.7,0.4883517324924469
KAPCA_BOVIN_D0_3E8C_C,21.7,0.432422935962677
KAPCA_MOUSE_D0_2QCS_A,21.7,0.4635922312736511
KCC1A_HUMAN_D0_4FG8_A,21.7,0.6223677396774292
KAPCA_BOVIN_D0_1XH8_A,21.7,0.44990894198417664
KAPCA_HUMAN_D0_4AE9_B,21.7,0.4474947452545166
KAPCA_BOVIN_D0_2OJF_E,21.7,0.4366153776645661
KAPCA_MOUSE_D0_3O7L_B,21.7,0.4543589353561402
KAPCA_MOUSE_D0_4NTT_A,21.7,0.4896593689918518
KCC1A_HUMAN_D0_4FG8_B,21.7,0.5849729776382446
KAPCA_MOUSE_D0_1BKX_A,21.7,0.4643768668174744
KAPCA_BOVIN_D0_2VO6_A,21.7,0.44503775238990784
KAPCA_MOUSE_D0_1JBP_E,21.7,0.4883645474910736
KAPCA_BOVIN_D0_3ZO1_A,21.7,0.4471428692340851
KAPCA_HUMAN_D0_4AE6_B,21.7,0.5244061350822449
KAPCA_BOVIN_D0_3E8C_F,21.7,0.4535999000072479
KAPCA_MOUSE_D0_4HPT_E,21.7,0.4406124949455261
KAPCA_BOVIN_D0_3DNE_A,21.7,0.4435189962387085
KAPCA_BOVIN_D0_4IJ9_A,21.7,0.4540822505950928
KAPCA_MOUSE_D0_4HPU_E,21.7,0.4842425286769867
KAPCA_MOUSE_D0_4IAD_A,21.7,0.4673324823379517
KAPCA_MOUSE_D0_3IDC_A,21.7,0.4571848809719086
KPCI_HUMAN_D0_3ZH8_A,21.7,0.4542430937290192
KAPCA_BOVIN_D0_1STC_E,21.7,0.4703737497329712
KAPCA_MOUSE_D0_1SYK_B,21.7,0.5180426836013794
KPCI_HUMAN_D0_3A8W_B,21.7,0.4497246146202088
KAPCA_BOVIN_D0_3AG9_A,21.7,0.4968262016773224
KAPCA_BOVIN_D0_3ZO3_A,21.7,0.4591411650180817
KAPCA_BOVIN_D0_4IE9_A,21.7,0.4253573417663574
KAPCA_BOVIN_D0_1SMH_A,21.7,0.4574418365955353
KAPCA_BOVIN_D0_2GFC_A,21.7,0.4697894752025604
KAPCA_BOVIN_D0_2UZU_E,21.7,0.5066821575164795
KAPCA_CRIGR_D0_4WIH_A,21.7,0.4708414673805237
KAPCA_MOUSE_D0_2CPK_E,21.7,0.5016332864761353
KAPCA_BOVIN_D0_2UZV_A,21.7,0.4950567185878754
KAPCA_MOUSE_D0_4DG2_E,21.7,0.4401918351650238
KAPCA_MOUSE_D0_3FJQ_E,21.7,0.4461788237094879
KAPCA_MOUSE_D0_4DG3_E,21.7,0.44442665576934814
KAPCA_HUMAN_D0_4AE6_A,21.7,0.4293064773082733
KAPCA_BOVIN_D0_1SZM_A,21.6,0.5288149714469911
KAPCA_HUMAN_D0_2GU8_A,21.6,0.4864343702793121
KAPCA_BOVIN_D0_2GNL_A,21.5,0.4881361722946167
KAPCA_HUMAN_D0_3L9M_A,21.5,0.5163421630859375
KAPCA_BOVIN_D0_2GNJ_A,21.5,0.4910065531730652
KAPCA_BOVIN_D0_1Q61_A,21.5,0.4922035932540894
KAPCA_HUMAN_D0_3L9M_B,21.5,0.5236775279045105
KAPCA_BOVIN_D0_2UW3_A,21.3,0.8669211268424988
KAPCA_MOUSE_D0_3FHI_A,21.3,0.4415266811847687
KAPCA_MOUSE_D0_1J3H_B,21.3,0.4844498932361603
KAPCA_BOVIN_D0_2UW5_A,21.3,0.8905632495880127
KAPCA_BOVIN_D0_2UVZ_A,21.3,0.8184731602668762
KAPCA_BOVIN_D0_2VNW_A,21.3,0.8380800485610962
CSK21_HUMAN_D0_4DGL_C,21.3,0.9167670607566832
KAPCA_BOVIN_D0_2VNY_A,21.3,0.8057853579521179
KAPCA_BOVIN_D0_2UW8_A,21.3,0.8079986572265625
KAPCA_BOVIN_D0_2UW6_A,21.3,0.864521861076355
KAPCA_MOUSE_D0_1J3H_A,21.3,0.5554866194725037
KAPCA_BOVIN_D0_2JDT_A,21.2,0.8614877462387085
PKNG_MYCTU_D0_2PZI_A,21.1,0.7517495155334473
PKNE_MYCTU_D0_2H34_A,21.1,0.890497624874115
PKNE_MYCTU_D0_2H34_B,21.1,0.9407557249069214
SRK2E_ARATH_D0_3UDB_E,21.0,0.9435920715332032
RIO2_ARCFU_D0_1TQM_A,21.0,2.38256573677063
RIO2_ARCFU_D0_1ZAR_A,21.0,2.2926533222198486
PAK7_HUMAN_D0_2F57_A,21.0,0.4660034775733948
PAK7_HUMAN_D0_2F57_B,21.0,0.4242950975894928
RIO2_ARCFU_D0_1ZAO_A,21.0,2.341391324996948
CSK21_HUMAN_D0_3C13_A,20.9,0.8555460572242737
CSK21_HUMAN_D0_4MD9_K,20.9,0.8705319762229919
CSK21_HUMAN_D0_4BXA_B,20.9,0.877720296382904
CSK21_HUMAN_D0_3Q9X_A,20.9,0.8396051526069641
CSK21_HUMAN_D0_4MD9_P,20.9,0.8576059937477112
CSK21_HUMAN_D0_1PJK_A,20.9,0.8749893307685852
CSK21_HUMAN_D0_4MD8_F,20.9,0.8513437509536743
CSK21_HUMAN_D0_3MB7_A,20.9,0.8616651296615601
CSK21_HUMAN_D0_3AT3_A,20.9,0.8380227088928223
CSK21_HUMAN_D0_4MD7_E,20.9,0.879231870174408
CSK21_HUMAN_D0_3QA0_A,20.9,0.8678694367408752
MKNK1_HUMAN_D0_2HW6_A,20.9,1.1631088256835938
CSK21_HUMAN_D0_3NGA_B,20.9,0.8582395315170288
CSK21_HUMAN_D0_3Q9X_B,20.9,0.8472973704338074
CSK21_HUMAN_D0_3RPS_B,20.9,0.8517864942550659
CSK21_HUMAN_D0_4FBX_A,20.9,0.8797067403793335
CSK21_HUMAN_D0_4MD7_F,20.9,0.8351187109947205
CSK21_HUMAN_D0_3FWQ_A,20.9,0.8645616173744202
CSK21_HUMAN_D0_4KWP_A,20.9,0.8476985692977905
CSK21_HUMAN_D0_4MD9_L,20.9,0.8229098916053772
CSK21_HUMAN_D0_4NH1_A,20.9,0.8617300391197205
CSK21_HUMAN_D0_4MD9_M,20.9,0.8866294026374817
CSK21_HUMAN_D0_1JWH_A,20.9,0.8625826239585876
CSK21_HUMAN_D0_4NH1_B,20.9,0.8482316136360168
CSK21_HUMAN_D0_3U4U_A,20.9,0.8909786343574524
CSK21_HUMAN_D0_3OWJ_A,20.9,0.8530204296112059
CSK21_RAT_D0_2R7I_C,20.9,0.832345187664032
CSK21_HUMAN_D0_3QA0_B,20.9,0.8143655061721802
CSK21_HUMAN_D0_4IB5_B,20.9,0.8454638719558716
CSK21_HUMAN_D0_3AT4_A,20.9,0.8538032174110413
CSK21_HUMAN_D0_3Q9Z_A,20.9,0.8338303565979004
CSK21_HUMAN_D0_4MD8_E,20.9,0.854633629322052
CSK21_HUMAN_D0_3OWK_A,20.9,0.8697165250778198
CSK21_RAT_D0_2R7I_A,20.9,0.8854398727416992
CSK21_HUMAN_D0_2PVR_A,20.9,0.8572943806648254
MKNK1_HUMAN_D0_2HW6_B,20.9,1.1719485521316528
CSK21_HUMAN_D0_4MD9_H,20.9,0.887050449848175
CSK21_HUMAN_D0_4MD8_H,20.9,0.8308990001678467
CSK21_HUMAN_D0_3W8L_B,20.9,0.8713668584823608
CSK21_HUMAN_D0_3RPS_A,20.9,0.8577035069465637
CSK21_HUMAN_D0_3AXW_A,20.9,0.8119139075279236
CSK21_HUMAN_D0_3JUH_B,20.9,0.8550822138786316
CSK21_HUMAN_D0_3H30_B,20.9,0.8876061439514159
CSK21_HUMAN_D0_3U87_A,20.9,0.8524782657623291
CSK21_HUMAN_D0_4IB5_C,20.9,0.8396294713020325
CSK21_HUMAN_D0_1JWH_B,20.9,0.8634781241416931
CSK21_HUMAN_D0_3AMY_A,20.9,0.857471764087677
CSK21_HUMAN_D0_3OWL_A,20.9,0.8567944765090942
CSK21_HUMAN_D0_3R0T_A,20.9,0.880659282207489
CSK21_HUMAN_D0_3NGA_A,20.9,0.859794020652771
CSK21_HUMAN_D0_4DGL_D,20.9,0.8506644368171692
CSK21_HUMAN_D0_3WAR_A,20.9,0.8771742582321167
CSK21_HUMAN_D0_4MD8_G,20.9,0.8220866322517395
CSK21_HUMAN_D0_3H30_A,20.9,0.8668482899665833
CSK21_HUMAN_D0_3W8L_A,20.9,0.8554267287254333
CSK21_HUMAN_D0_3WIL_A,20.9,0.8769673705101013
CSK21_HUMAN_D0_4MD9_E,20.9,0.8258422613143921
CSK21_HUMAN_D0_3Q9W_A,20.9,0.8946318030357361
CSK21_HUMAN_D0_3U87_B,20.9,0.8948853015899658
CSK21_HUMAN_D0_3AT2_A,20.9,0.8395241498947144
CSK21_HUMAN_D0_3PE2_A,20.9,0.868107795715332
CSK21_HUMAN_D0_4BXB_A,20.9,0.8593839406967163
CSK21_HUMAN_D0_4GRB_A,20.9,0.8490368723869324
CSK21_HUMAN_D0_3U9C_B,20.9,0.8406874537467957
CSK21_RAT_D0_2R7I_D,20.9,0.8269815444946289
CSK21_HUMAN_D0_3PE1_A,20.9,0.8576928377151489
CSK21_HUMAN_D0_3FWQ_B,20.9,0.8455167412757874
CSK21_HUMAN_D0_4MD7_G,20.9,0.8659232854843141
CSK21_HUMAN_D0_3NSZ_A,20.9,0.8676720261573792
CSK21_HUMAN_D0_4MD7_H,20.9,0.8528023362159729
CSK21_HUMAN_D0_4GUB_A,20.9,0.8699449300765991
CSK21_HUMAN_D0_3JUH_A,20.9,0.8578530550003052
CSK21_HUMAN_D0_4BXA_A,20.9,0.8376515507698059
CSK21_HUMAN_D0_3MB6_A,20.9,0.8227002024650574
CSK21_HUMAN_D0_3WIK_A,20.9,0.7909431457519531
CSK21_HUMAN_D0_1NA7_A,20.9,0.8696802854537964
CSK21_HUMAN_D0_3Q04_A,20.9,0.8711914420127869
CSK21_RAT_D0_2R7I_B,20.9,0.8567507266998291
CSK21_HUMAN_D0_2ZJW_A,20.9,0.8296855092048645
CSK21_HUMAN_D0_3Q9Y_A,20.9,0.8260214924812317
CSK21_HUMAN_D0_4IB5_A,20.9,0.8894227147102356
CSK21_HUMAN_D0_3BQC_A,20.9,0.8851003050804138
CSK21_HUMAN_D0_3U9C_A,20.9,0.8803574442863464
CSK21_HUMAN_D0_4MD9_G,20.9,0.8910422921180725
CSK21_HUMAN_D0_3Q9Z_B,20.9,0.8593422770500183
KAPCA_BOVIN_D0_4C36_A,20.6,0.5033404827117921
KAPCA_BOVIN_D0_4C35_A,20.6,0.498399943113327
KAPCA_BOVIN_D0_4C37_A,20.6,0.5201032161712646
KAPCA_BOVIN_D0_4C38_A,20.6,0.5185207128524779
KAPCA_BOVIN_D0_4C33_A,20.6,0.5687826871871948
MKNK2_HUMAN_D0_2HW7_A,20.5,0.7736806869506836
KS6A5_HUMAN_D1_3KN6_B,20.4,0.9204243421554564
PKNG_MYCTU_D0_2PZI_B,20.3,0.7572523355484009
KS6A5_HUMAN_D1_3KN5_A,20.1,0.7804289460182191
KS6A5_HUMAN_D1_3KN5_B,20.1,0.6687249541282654
KS6A5_HUMAN_D1_3KN6_A,20.1,0.6362828016281128
KCC1D_HUMAN_D0_2JC6_C,20.1,0.5485316514968872
KCC1D_HUMAN_D0_2JC6_A,20.1,0.6014230847358704
KAE1B_METJA_D0_2VWB_B,19.7,1.6496342420578003
KAPCA_BOVIN_D0_2UW4_A,19.7,0.5279827713966371
KAE1B_METJA_D0_3EN9_B,19.7,1.7164206504821775
RIO1_ARCFU_D0_4JIN_A,19.5,3.5690181255340576
RIO1_ARCFU_D0_3RE4_A,19.5,3.5141026973724365
RIO1_ARCFU_D0_3RE4_B,19.5,3.9153683185577393
RIO1_ARCFU_D0_1ZP9_B,19.5,3.844268083572388
KAE1B_METJA_D0_3ENH_A,19.4,1.6751384735107422
KAE1B_METJA_D0_3EN9_A,19.3,1.6679006814956665
KAE1B_METJA_D0_2VWB_A,19.2,1.6833006143569946
NAHK_BIFL2_D0_4OCQ_A,18.9,1.7959208488464355
RIO1_ARCFU_D0_1ZP9_D,18.7,1.8344240188598635
RIO1_ARCFU_D0_1ZTH_D,18.7,1.8142218589782717
PAN3_NEUCR_D0_4CZY_D,17.7,1.2439815998077393
PAN3_NEUCR_D0_4BWX_B,17.7,1.2372686862945557
PAN3_NEUCR_D0_4BWX_A,17.7,1.2673087120056152
PAN3_NEUCR_D0_4CZY_B,17.7,1.2822372913360596
RIO1_ARCFU_D0_1ZTH_B,17.6,1.9279102087020876
RIO1_ARCFU_D0_1ZTH_A,17.5,1.8882136344909668
RIO1_ARCFU_D0_1ZP9_A,17.5,1.9139087200164795
RIO1_ARCFU_D0_1ZTH_C,17.4,1.96338164806366
PAN3_YEAST_D0_4Q8J_H,17.4,1.1763395071029663
RIO1_ARCFU_D0_1ZP9_C,17.4,1.8894851207733157
NAHK_BIFL2_D0_4OCK_A,17.3,1.745594501495361
NAHK_BIFL2_D0_4OCO_A,17.3,1.6977483034133911
NAHK_BIFL2_D0_4OCP_A,17.3,1.7029722929000854
NAHK_BIFL2_D0_4OCJ_A,17.3,1.7452446222305298
PAN3_YEAST_D0_4Q8J_I,17.1,1.130679488182068
PAN3_YEAST_D0_4Q8J_L,17.1,1.084788203239441
PAN3_YEAST_D0_4Q8J_F,17.1,1.1190580129623413
PAN3_YEAST_D0_4Q8J_C,17.1,1.1198458671569824
RIO1_ARCFU_D0_1ZTF_A,16.6,1.9341840744018557
